100
3348
1121
433
3142
3530
3064
256
436
2843
1818
2386
2985
3608
1076
3014
1709
862
1613
2736
1275
2894
1494
3313
2362
3445
2406
2262
1343
1831
2567
1528
257
3601
3278
615
3822
3536
3485
2962
3235
1185
2161
2951
2628
399
3181
2941
245
2759
2596
1446
1675
354
3517
1927
2986
132
2105
3631
318
2984
2504
762
1412
350
2750
495
408
2225
1549
1093
3253
2581
3474
2902
360
993
2242
309
541
1862
3087
2350
2858
2791
1061
3790
3582
2788
1945
3122
1236
1097
2489
68
574
1393
312
1774
536
3095
1647
2716
1776
1619
2865
1984
53
1720
2611
488
3327
331
2059
2427
155
3478
3212
2880
679
3498
1370
852
1435
2219
694
2543
2647
3198
2565
550
3648
2248
3137
252
2591
1540
3027
1373
930
2769
2329
791
1951
1442
2167
3344
2651
1339
3825
2911
2829
2110
2119
1224
3535
2205
3588
731
3759
3570
3811
3071
1045
2815
2699
275
587
1332
3084
2045
3652
3797
1386
1898
1890
2867
3104
2077
2726
895
1760
1795
2332
711
494
935
1957
2979
1251
1990
292
435
2169
2250
70
400
294
2054
2079
3852
1029
2515
3288
2281
2819
1137
280
2136
3764
2214
3153
949
1520
3532
558
911
1141
629
2604
1822
1368
1407
1783
428
3550
792
1433
2920
373
2000
2623
3651
1751
511
2135
878
2929
2063
3743
3610
3638
2232
1173
2655
410
1470
3752
620
2260
1326
1140
333
1382
2483
2118
29
1031
3501
2217
2379
1401
2719
593
2381
1303
639
265
2151
681
1242
984
447
3318
3227
2062
1750
3412
3062
142
512
2357
2625
1680
206
1636
729
1888
2675
572
2695
1932
1280
3524
1840
3168
2268
2660
1064
726
3409
1869
737
2598
2423
2352
179
849
3687
1354
2508
1021
1294
2534
2545
1091
702
1758
2694
162
596
3826
1816
2058
3760
2061
3585
3371
1050
3317
3753
1786
3840
603
1205
2505
2809
2731
2347
3502
1561
3369
2646
1232
2247
2462
3337
3457
523
2897
1564
3293
3468
2470
3689
2195
2041
3619
522
3653
2807
2971
3043
1801
586
1915
3420
3487
471
769
1415
2539
1316
573
2336
779
1215
212
2888
2597
1160
1734
809
3110
1362
719
837
3034
2448
2621
11
1495
2084
3749
2308
3264
3824
3387
3093
1449
2583
3504
3177
3089
543
3473
2530
509
3684
2629
3012
3124
751
3823
2402
972
3030
1952
1817
1086
657
924
1010
3378
3484
2970
375
2316
3061
2775
2016
2440
803
2649
601
40
197
1164
1713
2017
3443
3188
2372
128
2613
1836
2622
1839
3718
2838
1917
1587
3098
338
669
1770
3416
999
3621
873
3636
242
1974
3247
1505
775
316
821
3312
2507
1195
2345
1197
1103
713
75
3107
1387
929
2294
2717
93
270
2592
1710
1823
1581
2519
892
397
1337
3661
980
2287
2299
3483
3542
1111
2737
125
2804
234
1689
2388
1019
1490
940
135
1153
214
1129
3545
2710
525
2721
2152
2411
1705
25
3579
1136
2529
3357
3454
665
1698
3117
2215
1384
1302
1371
609
150
828
1711
3680
2969
1533
1323
2415
2412
1131
297
2965
3617
893
1973
923
765
3322
1555
1235
2805
1958
3690
3721
3148
527
1264
3444
85
344
2024
1986
353
1046
2479
2784
1967
3368
2690
3469
3099
1857
733
2563
2144
3740
1664
2223
2692
566
3382
104
3676
2579
3284
1123
2353
637
255
1741
267
1763
66
553
3810
3398
2863
1078
1614
466
2131
2952
1527
2317
417
1312
296
1391
339
3793
1403
3101
1013
1652
2237
2178
2509
1522
569
378
2266
1666
847
2678
1530
2590
3795
2319
1165
1352
1187
1080
2220
439
84
1616
2974
1144
3003
237
2607
1308
2526
2369
415
2612
83
3103
2154
2763
1493
189
2134
1553
3609
3716
1469
2488
1660
807
3534
730
3191
467
3167
1266
1716
2713
1981
419
320
3031
3070
1355
3048
1216
2881
1765
3704
2141
1740
3001
2868
3521
1413
3715
933
2484
1486
1334
2955
3488
1793
1109
1665
3156
1579
2191
3405
499
346
3463
3745
2104
1748
2182
454
805
1416
2157
1643
3589
2218
3470
3256
1192
2203
3386
1317
3267
1949
2047
1607
2323
1349
2221
1612
1691
1731
1432
1824
295
816
420
1586
3522
1221
160
146
1993
801
579
1570
813
2544
2808
2198
2229
2478
3260
2368
1220
2667
3755
3338
798
1146
2631
1745
1545
1272
109
1318
6
2711
1367
1742
2901
2771
1063
2031
3590
2193
743
422
1127
2560
3773
848
562
3628
2918
1260
1516
1333
2270
1762
3548
834
2796
2976
3802
3703
2720
1563
1254
622
173
3482
1891
395
41
2233
2738
263
1074
822
2069
2430
2968
430
361
1484
2723
1496
2956
3174
3727
2258
3566
1788
2439
1752
3540
3678
1423
2143
2798
701
2584
811
1306
152
5
3616
1172
910
2859
2966
1027
2160
1976
2409
1683
2048
1202
780
3135
3426
348
1177
619
1189
1641
3333
3471
1258
1525
2165
3618
1203
1378
2164
1073
3128
3196
1717
1736
1968
1152
3511
2697
1118
269
2043
2377
1238
3158
2524
271
979
2518
1180
3171
1167
2693
1508
472
2679
2020
1419
2814
3853
3201
2124
3455
1062
1501
1184
369
1803
872
2464
971
2741
101
2718
2521
2005
2116
1453
3015
2633
515
812
2226
790
2926
785
194
76
2472
771
277
31
1673
15
3292
1075
3229
2490
799
3758
228
2246
448
618
261
238
2912
374
1961
3035
3269
1200
2414
1201
2424
2081
687
2064
2818
3612
1012
748
121
2895
2831
171
3694
3578
3462
2066
874
2756
450
2745
349
2652
1455
367
201
3359
1638
1350
3272
1880
254
2413
111
564
900
583
2747
2454
677
2609
3380
2293
2112
3829
826
2754
2324
465
2447
2733
2533
860
808
2297
2497
2506
3604
1425
738
2626
858
2001
3644
1480
1676
1438
1747
3817
3393
473
2252
760
340
1919
372
3197
3783
1766
764
136
722
1289
1755
717
3113
819
2120
3641
2562
445
2155
3792
2811
2668
600
2254
2556
2476
1011
1835
1832
1034
890
3567
1379
2097
1278
2538
170
1098
1591
3788
2070
2825
894
877
841
233
1356
3713
42
1861
3039
1577
1274
2540
1059
1979
3102
3193
2712
1176
800
2577
682
1174
627
700
3557
1886
1322
287
208
3173
2760
612
1833
2364
2209
328
1519
1102
1526
2342
897
181
1790
3321
1585
3708
2407
2039
1695
1436
2450
2015
1787
2871
2637
547
325
2303
37
1032
3355
761
1406
978
3701
1972
1006
2998
1281
678
2376
251
1217
3026
1016
2573
2800
838
2801
3787
1753
3185
1108
3152
2702
2988
1960
327
1338
3040
926
1859
2708
492
2404
2689
2
3208
1497
2510
1055
1583
1597
1116
3306
1521
3493
970
1424
1882
2997
2790
1502
2040
1365
3151
3763
608
1514
2935
2313
7
2109
1987
148
2309
1048
1161
3072
2162
3304
323
3343
1124
2640
385
2739
1191
1707
1249
2511
2516
2879
1042
3419
661
556
656
1081
2390
554
3747
565
2671
1380
3290
1157
992
2101
856
3206
3106
1934
2431
2937
3561
725
2076
2624
2334
1257
2996
1213
285
478
2337
54
3000
3379
3669
3830
3685
663
3392
535
2650
740
108
236
298
986
1877
240
2582
329
3163
3271
2126
180
3067
720
1004
302
723
2899
12
347
1499
324
959
2231
2391
127
303
2315
1946
2727
1439
3192
1658
2185
43
443
3624
2170
123
3467
606
2512
3606
1657
1364
3845
1906
3265
2300
224
1003
591
2890
1800
1724
3475
670
3215
1778
497
1000
3211
1099
1701
1458
1914
2175
1396
1827
2532
51
2852
2385
2394
3112
3677
3238
1094
905
953
2687
1190
1277
1899
3697
272
3531
99
2007
588
3308
26
3194
578
537
3225
1843
2028
2355
1241
2850
2743
2734
3239
3768
2474
2475
2099
2204
1511
944
643
1544
2453
684
1659
2417
716
2627
59
1020
3433
2683
707
3133
1286
389
3080
2052
1594
2075
1154
3362
2050
479
774
3538
1234
2665
770
2361
3849
869
3643
248
154
1014
1871
3858
1858
734
3096
3634
1992
432
2502
2494
3079
1450
644
2550
3374
1955
3729
1122
508
2772
370
2705
141
2765
1448
1198
3195
1703
3781
613
482
3451
1434
880
3347
1353
776
1635
1515
3395
802
3242
638
3803
843
2426
2487
3023
1870
3186
3249
3438
977
3078
163
158
3160
193
227
3565
1524
365
3844
2653
886
3537
3114
1049
2451
931
529
1375
117
3859
1211
968
1855
1283
2900
919
2289
2147
2122
2701
1468
844
3637
2898
758
1223
505
3509
2449
414
2129
1270
1429
3646
2546
1459
1084
3804
759
2351
3839
1875
2241
1681
168
3159
997
1670
2978
3118
2847
1041
2018
1920
3453
954
1560
258
1599
2305
3447
2933
69
3424
2873
2363
503
1642
1171
1134
1068
1036
672
211
184
3319
1372
2321
1
1026
2963
2812
2055
2458
781
2994
97
3032
1028
2257
2676
2373
1058
2330
1737
1735
2235
542
2618
3450
2435
3850
3593
3477
920
2196
3069
283
1697
3786
576
1394
1940
2855
577
262
3323
1690
1329
2940
157
1852
2301
3657
1047
3365
1228
3350
3132
2740
899
2302
2620
3375
496
48
551
250
2681
3280
1389
3381
1007
517
941
846
882
1928
3724
2917
2004
1969
961
754
334
3647
2234
3553
1810
3765
3683
1385
2832
3180
1807
533
699
3737
3216
2724
2735
2194
130
715
1804
3761
49
666
1142
3100
2896
2659
3513
2600
3339
649
3309
1601
633
3356
1825
3060
342
991
3383
3331
2821
2685
3775
1096
957
2434
366
1625
3559
3302
3082
1038
1025
868
1255
2999
1693
90
120
3779
2799
1330
452
1120
1546
1071
1536
306
249
1872
4
1305
1672
2987
640
2789
3094
1002
207
358
703
3376
1052
3664
304
1112
2498
145
611
1087
3316
2755
3418
1114
3016
1649
77
1943
2840
2645
1815
2238
1295
2080
937
3816
1248
1208
2371
1485
3766
431
2779
1728
387
1090
3658
491
3041
1324
1466
3441
3354
958
3597
426
1547
2517
621
3614
2658
1925
1230
2514
2686
3209
3055
3047
1761
17
2282
3042
73
2014
1437
1539
617
1143
2980
1402
2393
2905
3022
1513
1163
1620
651
1965
1887
3006
3145
498
3408
22
3305
305
907
3411
642
3421
2166
220
1476
1043
3263
1937
2259
1841
2457
2111
2844
724
1848
3496
2927
906
989
151
902
1276
3164
1426
1313
1066
1487
1504
1702
1159
3639
2616
2588
2146
1009
592
115
3635
2728
1310
2793
199
2551
3544
3076
2113
377
391
602
2156
3554
3246
2672
2578
3500
625
1759
2839
1918
404
3525
1722
3244
804
3472
2916
2306
1461
143
714
47
3728
3576
1924
1008
1806
3427
3622
2568
368
1847
2663
2908
1842
2051
221
2189
2030
2715
1929
3494
3772
3230
1603
2617
2860
530
3744
1054
2827
219
1408
1980
2528
3394
2614
2356
896
2230
1336
3406
2333
166
2813
1688
86
3855
311
1909
2606
1250
756
867
2115
2817
3385
159
2537
854
1851
866
91
3523
3710
581
1150
2921
2753
3025
2243
1325
3367
137
513
3073
1212
321
2121
3422
1125
548
3349
413
3377
2072
2907
126
1656
571
2570
1834
2535
2277
3004
3045
1777
2375
735
932
3182
2405
2973
2067
2802
2770
1279
2009
2749
2924
514
2201
3435
2307
3388
2127
1962
403
1342
20
3044
3774
1764
875
2339
526
850
3207
544
736
2977
2010
1576
2068
1667
546
3066
518
3670
2029
1775
1966
2889
2171
3442
1348
830
1218
645
2632
1509
1035
1298
1178
829
1381
567
3686
1246
3833
2792
787
560
777
950
1207
322
3571
658
768
2445
416
1067
2615
1431
840
1866
3835
2688
3049
2261
2704
3029
3402
3598
3828
2102
1462
1844
904
1421
1162
1145
3480
3054
1479
797
2006
3222
1838
3250
2696
3300
3543
3259
3315
624
13
200
1451
3584
1117
647
689
671
1704
955
3569
50
118
2782
34
398
504
1033
457
1808
3843
793
2358
3613
3261
1475
3629
1977
1359
3452
916
1669
3714
3169
336
131
1609
820
3459
164
650
3352
434
2023
81
3358
1186
3056
967
1374
3592
982
1550
1474
483
2975
1811
1623
2003
1229
2836
1554
1273
3801
3791
739
3539
500
451
1779
1725
1956
3157
1488
210
3827
1773
1991
3526
1699
2473
1548
3460
2835
3630
2466
589
2564
1896
3268
1247
3334
3627
2773
1100
582
310
1780
3595
326
1023
2420
1105
330
524
2273
2288
2133
286
1975
2224
3660
741
709
2187
3461
1051
1600
2265
3516
2283
1892
1206
1126
3172
3709
3841
1300
1288
3446
2264
3314
1756
2942
2842
519
1227
36
2344
1604
319
532
3599
2463
3581
3456
3640
3439
3838
1430
680
928
2903
3512
259
3237
2298
2013
2761
1797
1292
268
1942
1287
1018
2292
662
1233
698
1427
3391
1535
3434
3307
2444
667
1069
594
3251
2767
3140
264
2861
2046
1083
3020
407
3673
1252
1727
742
3279
381
156
2422
2752
2706
2967
1964
1037
1580
3068
605
3190
1567
3611
3287
2280
423
490
782
1443
580
1885
3340
3370
889
1637
839
1444
3583
3414
1639
2833
3789
2698
2384
1351
3436
3017
2328
3777
3127
474
3580
3301
2468
3730
1166
915
3626
1644
2820
217
288
2053
2240
2680
2482
1022
2610
462
2495
3681
1959
2553
1629
3129
2314
3738
1104
1179
2729
87
2595
3568
1953
632
1115
3175
1358
1395
1944
3372
1648
1860
384
147
1826
2096
129
3782
3767
1219
476
2856
3243
2322
985
3600
946
969
3490
1593
2057
3286
1582
675
3746
1245
2056
3514
1101
3289
3342
3008
3176
190
1309
3399
1301
2862
1611
1082
3519
45
2909
3224
3674
1905
814
2875
934
1331
570
1559
461
1633
2601
1621
1971
1399
1138
1376
2561
1556
3429
1631
2285
2227
2269
942
2778
1133
1482
3440
1420
1417
2938
3533
2877
1267
2429
3736
1296
3699
859
2774
745
1794
1791
2128
122
1347
1970
274
3204
390
2657
3136
3662
2311
1655
831
2722
3547
3642
2145
1398
2172
2954
1110
3162
485
1767
1931
3615
186
2783
1510
459
2930
393
3077
630
1542
2392
2343
1696
3563
1388
3266
697
696
2575
744
753
3139
2397
213
1361
2785
3602
63
773
191
1712
107
2932
2032
2806
1244
3384
253
2673
2159
1995
607
2989
89
3166
1363
3086
2936
95
2946
24
425
3120
545
2707
964
418
1259
3654
484
133
1867
2636
795
446
2078
2107
1916
317
231
388
3780
477
2456
2992
3179
3346
2459
1578
3051
177
3236
57
1092
2360
1005
2437
2499
1428
1605
1606
1537
3219
1188
2768
3499
352
3058
2425
3549
209
3596
364
2091
3625
19
1518
114
2828
965
3834
3649
1571
2781
2199
3154
2049
3134
96
3848
2810
2436
2496
3052
3273
1846
3776
3310
1299
1809
2555
2913
1729
836
767
58
203
3081
3510
865
355
383
3659
648
636
2378
2455
2605
951
1768
3813
2341
3108
3770
79
56
853
1457
185
2149
616
3854
2071
2554
1677
939
2460
138
1627
1237
230
2593
1517
2211
3558
1694
3396
1895
2874
2500
315
599
65
810
674
2547
3119
2012
1304
2964
3733
3515
552
2991
1679
2073
1897
2958
1592
1285
1907
3556
1181
3785
598
2757
2286
3353
2599
2853
222
1744
2153
3226
1821
300
718
112
1706
2093
2033
2206
888
308
62
284
3495
2982
1397
559
3707
2864
386
3294
2192
1552
943
2318
3252
178
3270
3605
3303
3481
3390
2082
1746
196
2249
2367
376
3706
2557
153
10
1529
3607
683
3147
2092
1589
3187
3464
82
947
1452
3577
3489
1685
2026
1523
851
2255
1558
766
394
2276
1253
278
918
1900
604
198
2117
149
1030
1414
1682
2884
2492
1113
1170
1060
842
610
2304
710
2123
832
3407
2882
626
1769
140
332
3205
3573
2959
1845
343
3603
2295
2208
1263
1865
2542
3448
481
788
2432
2274
1147
1095
3696
1044
1799
688
3836
3719
2841
1595
693
3200
2163
2780
116
3217
705
3594
3693
3541
2823
3203
3170
2848
2816
2410
1065
1566
510
2558
676
3213
2758
2094
2972
1902
2906
2635
634
706
3679
2207
2766
2002
2212
260
962
3428
2957
631
1183
3329
1500
2948
1651
362
2477
2744
1168
755
3400
225
139
2188
3143
1503
444
2275
2923
1569
449
712
778
2034
3821
2418
33
3799
534
226
1994
3131
976
2236
1988
628
1156
455
1404
1749
871
2961
1199
98
575
3562
1512
2762
2520
2725
2891
1935
2291
161
2098
3575
335
2245
2536
2383
3672
2682
884
1344
3149
507
1390
3059
1148
2661
2491
345
464
176
531
2751
1796
187
61
2184
1132
401
3311
3183
1830
2100
2222
1557
1893
2953
995
1686
3726
3808
3116
922
32
1732
2011
2382
3285
2177
3520
2366
1894
1531
1574
3796
3111
3778
2794
1085
2486
1941
3184
2401
3199
1771
2290
80
8
502
1214
2990
1001
2525
2359
2251
1743
3130
3257
1282
2851
1483
2639
1721
1662
2106
205
994
1805
721
2501
2272
1128
1130
2945
660
2549
3572
3092
664
2174
2142
1319
2340
2140
3492
2085
2786
351
2522
996
2086
747
3248
279
1814
1588
1684
475
1456
2892
1622
119
1668
1478
516
1837
421
2931
2513
313
1231
232
3756
223
382
357
78
595
3856
3255
2919
998
3126
1678
806
30
412
458
487
2638
2044
2709
2993
1239
1802
3818
2130
301
1640
3291
1422
1715
3466
1465
3503
3178
563
2662
1290
1269
2400
1873
1754
3351
1853
2095
3007
2691
783
1327
3075
749
3769
752
2158
2700
1996
182
921
963
2019
460
3857
2398
789
1194
2087
1876
3754
314
861
2944
3115
1077
3234
3223
3423
2981
167
827
3837
1922
635
757
3748
3682
3050
28
538
2787
909
1913
1926
3240
3397
35
2574
673
2338
1492
437
469
2571
3814
727
3667
1225
1070
3141
1584
3341
1089
975
2168
2408
1575
356
1997
1158
1781
1789
1053
1938
2438
2485
1562
3320
3404
67
1261
244
2857
2065
988
247
2349
3711
3663
3088
3262
1718
824
134
2200
1440
2089
2263
1119
2137
1568
2452
2674
64
88
3712
3528
1106
1813
1700
2664
2183
2346
2643
3734
1726
215
2748
1169
3
2995
891
1196
1730
3214
105
1617
1608
1911
3807
175
2179
124
246
1982
1856
1311
540
470
1785
3410
1377
3486
3666
2327
2764
2904
2870
659
3425
1024
817
2471
3458
2213
3633
1954
2239
2548
2619
1473
2389
2387
2824
429
1983
3336
3632
3741
3415
3161
3720
2594
3258
2656
3476
3046
2433
3806
1819
218
2559
16
692
1792
1868
1829
3024
1460
2885
3431
3732
379
2025
833
3202
3245
3033
1209
46
2326
3656
521
1615
1551
2777
1881
1602
3155
1088
750
1464
3091
2037
3013
2589
913
1297
3083
2732
898
1947
3038
952
685
2148
652
2279
857
983
763
71
1226
2837
912
3820
1878
3283
169
2648
2186
784
845
2416
2922
2331
3210
3507
2396
3742
3018
2822
192
1491
3389
3552
3165
1079
3798
3698
489
3005
216
2441
2846
796
456
2925
1015
2022
144
468
1719
2088
2176
202
3668
2872
732
2586
9
3655
3403
3725
1884
276
3757
1472
2480
172
704
528
2228
463
1471
282
2834
1366
18
2845
3277
2569
2180
14
1863
2481
3815
3591
2893
103
1772
3105
1963
1939
3527
668
1328
2244
2348
1335
2849
3298
2934
584
3560
2027
686
1320
2797
3809
380
568
1017
1908
1357
2886
2132
3074
1262
405
1912
2669
1345
406
424
273
74
1733
3373
2826
1739
3831
1149
876
1534
3437
1883
3125
3700
646
1723
3692
3750
2139
1634
938
981
3019
901
2074
3231
2960
2703
2887
486
914
2036
3065
2173
2566
3671
2446
1849
927
1738
1921
2541
441
945
597
1903
1240
539
1454
3363
3299
1532
2746
396
1507
3723
2060
1056
3123
883
3325
2587
2325
1155
341
3254
1293
1341
195
2943
3832
44
1661
102
2395
3274
3345
3819
1481
427
371
1828
1998
392
3735
3332
956
1271
655
2271
2730
1410
1222
2320
3650
2603
1936
2869
3401
3326
3232
3705
3417
1405
3090
2296
2465
3328
106
1910
1541
2608
653
3281
1985
23
966
1543
3695
2939
1930
887
1933
1812
1506
3784
1307
2278
299
2580
1989
3842
2684
2310
204
2523
1182
3021
815
359
1411
501
92
3360
585
863
1360
235
1463
2883
3009
1757
2354
641
3228
1904
3150
695
2576
3282
165
1626
2714
2947
2370
3574
2876
2910
3324
1630
3221
2103
3491
3805
3546
409
3800
3586
3296
879
2428
3097
307
493
402
1039
2949
2642
281
654
3508
2202
1314
2312
1650
3037
623
786
1978
1598
870
2866
2531
772
3276
2644
1565
835
1072
2585
3465
987
974
2190
1340
60
3620
2552
1901
3146
3218
1383
113
3722
1854
2042
885
908
2210
917
794
2114
1646
3449
3665
3330
239
2572
614
3506
864
363
3413
1820
3846
442
1210
3794
27
936
3275
2181
3645
948
290
2253
1445
2666
823
3053
708
3564
1139
2503
3189
818
3144
1663
1674
1654
2928
241
3555
3717
266
1784
3691
2335
881
3364
1392
3295
1265
3551
94
2021
2035
990
2803
3751
293
174
1645
1040
1573
1284
1447
2670
2150
549
3036
3771
1321
2256
2914
3366
1243
453
925
2493
55
3812
1538
39
557
1687
1590
3479
3361
2267
3297
2443
2795
825
1441
72
2641
2108
1618
2125
1874
855
1057
2467
411
2602
2216
728
1596
2742
2399
3335
746
3851
1782
1879
1151
243
2365
1671
960
3731
3587
2284
1268
3220
3233
1610
2090
555
3497
2442
973
1467
3739
2634
1135
3529
3505
2878
291
3011
1175
1653
1864
3138
1498
2950
1204
1628
2830
1850
1692
1798
3063
690
2380
1256
3121
21
3762
3002
440
3675
2527
1346
1708
1714
52
1291
1950
110
2915
1632
2461
1889
691
229
1572
2038
1315
2421
2854
3109
3702
506
1369
3518
561
3010
3688
38
2630
1107
3847
2654
3241
1418
183
2403
3430
1409
188
2197
2419
1948
1624
3057
2983
2008
337
1999
2677
1477
3432
480
2776
1400
2469
903
1489
3623
520
289
2083
590
1193
1923
3028
2138
3085
2374
438
