848
988
948
1339
1227
680
669
1134
630
24
108
683
297
941
114
713
396
23
66
743
251
577
641
1096
1407
1006
1091
618
611
720
1147
1369
483
351
187
47
155
384
227
417
1119
1040
342
1415
997
629
325
622
130
367
1177
576
103
1418
826
1341
1488
871
1176
804
358
1155
1464
968
1252
953
504
33
593
1496
896
472
533
1332
821
1079
1263
1508
1153
473
1435
1179
156
413
1311
1499
211
990
750
719
1331
350
610
411
1329
427
1462
532
1294
154
452
451
1390
426
842
1239
258
1406
543
734
1446
365
424
1046
1336
140
1501
970
1076
490
1118
847
462
580
395
1186
1271
563
722
1279
1494
974
455
859
133
299
160
813
1384
1357
1442
1372
1529
985
852
463
584
64
275
620
892
453
1059
344
550
436
823
667
481
360
1376
1197
1491
145
1190
639
699
92
1277
671
1042
385
445
557
446
540
771
470
572
12
321
479
1234
294
520
73
232
741
1301
1305
252
224
88
579
51
525
1097
454
266
1417
1270
1243
190
673
1344
11
1075
1458
798
864
1351
355
2
1060
435
1112
126
578
18
388
52
166
773
1335
662
995
513
93
1319
298
943
94
84
1314
284
1178
135
425
788
119
708
681
143
383
276
1463
223
46
35
1371
444
129
1136
1068
90
1509
37
1173
625
537
644
714
141
1537
542
971
69
538
1544
246
249
293
962
575
1298
1330
883
939
1131
704
1071
151
261
495
931
448
197
310
57
1448
1256
213
497
564
1111
549
1321
394
260
185
399
792
165
686
865
458
262
1473
169
920
1146
449
1412
1052
1063
16
1035
590
354
42
48
1233
1140
488
407
1030
405
961
137
1207
1103
1281
1028
964
1121
952
1095
1485
628
397
895
376
199
1419
1292
50
101
412
1454
844
1144
987
174
32
429
1149
1317
173
244
1201
731
868
801
49
705
305
663
516
268
1203
247
923
1175
855
1259
1503
812
72
229
118
1373
1130
53
1466
1460
904
1517
372
677
1542
192
334
566
277
1423
1275
1135
1192
930
330
831
1235
546
586
1084
422
459
70
909
727
1455
1274
195
1022
678
845
1515
83
915
556
1005
1421
911
1145
265
1139
787
1033
1087
902
1358
977
1200
410
61
55
978
14
75
442
34
1034
176
307
730
136
994
255
588
1379
1246
1377
352
1295
1199
901
558
1304
658
467
202
747
356
1089
626
664
1122
951
890
676
776
300
1316
1025
517
649
1533
339
1440
834
1090
958
1051
168
1534
98
849
295
976
1482
102
391
791
1289
1465
1527
642
1010
884
74
820
1184
457
503
647
1157
1165
1516
877
1014
1327
340
1221
1208
324
1038
1410
938
963
120
1262
732
106
1487
363
1490
115
1019
237
104
779
728
1223
1124
691
278
638
1098
1212
685
1284
433
1217
1303
128
1502
772
782
1511
1150
1383
1476
973
460
1226
1528
878
1142
1236
447
1062
1031
1189
182
803
21
1359
1361
674
1510
1420
668
95
1285
1238
656
624
233
998
709
568
30
359
235
1265
1213
548
562
696
828
552
1315
482
1021
1251
560
571
100
759
1026
1543
999
559
1414
703
1174
1248
627
234
723
1307
238
715
972
1405
1211
770
1365
561
670
312
1538
1541
60
1214
862
1106
241
957
1363
660
214
1425
991
158
860
1218
1350
1215
1312
170
1244
1436
79
870
1444
1047
601
134
1154
208
519
646
1123
650
89
353
746
240
1474
1266
1216
591
1023
1002
270
1296
810
22
1378
523
465
1322
739
76
272
1015
893
1127
1219
269
1198
712
331
1401
1024
899
466
1088
146
1504
109
1188
760
1009
1172
980
389
1086
371
1012
1540
314
785
1
1049
123
423
887
687
819
631
795
809
1129
698
1283
843
539
1066
1029
745
1457
387
1452
688
1093
1167
960
343
790
1338
1308
1107
10
421
783
763
979
215
43
398
198
220
87
891
992
1232
1439
1092
702
271
1241
1043
1001
1258
914
345
1004
657
615
121
1500
838
1182
1261
414
1108
1013
1333
1428
1507
1078
555
1430
1392
1109
700
116
1403
872
1169
602
945
1393
1445
1388
1048
416
415
603
206
1170
306
320
1085
1416
204
1082
1282
1161
526
432
180
1072
836
501
1240
1433
54
243
814
274
97
967
614
348
228
863
236
1313
751
874
554
127
1181
254
1113
381
153
1353
142
1441
1037
1237
1459
889
1453
222
1495
8
1478
613
515
464
1368
648
545
336
1299
637
492
139
31
1000
524
349
567
478
1101
326
67
1225
807
25
1348
725
1191
212
178
769
112
959
583
885
1323
600
468
1413
58
364
954
322
569
758
861
924
186
337
830
956
565
689
302
1469
605
28
1290
853
1519
1160
1385
438
267
879
694
474
1128
898
273
239
1018
529
1426
404
1133
1347
918
56
194
1536
1293
226
357
1054
1400
1205
1250
822
665
1143
789
1343
654
1381
774
196
766
231
1222
1194
1429
1530
1081
982
932
616
9
221
323
5
881
1438
1320
477
505
1352
431
230
291
1094
303
817
475
869
461
921
1422
209
608
1354
1325
1206
1404
645
111
724
193
919
1451
839
1360
1058
86
1520
1364
752
1431
1041
1158
286
1389
781
113
203
1003
428
894
205
726
824
370
377
598
1380
242
553
1434
1116
983
27
634
1257
1065
850
1480
594
361
1242
1069
1302
768
1193
1432
793
225
1253
1099
905
485
1489
124
36
1166
496
949
1456
1077
697
800
374
832
910
289
541
875
63
1366
1276
369
1328
652
498
738
606
184
1255
80
122
1461
476
927
333
900
1525
1110
675
1486
392
1326
928
439
77
1020
1138
1272
138
1224
1370
761
1356
1230
1105
659
886
78
682
1032
690
929
754
840
409
1017
491
1202
1291
1402
827
806
509
40
484
150
338
729
1195
756
1447
110
1228
837
1115
765
950
912
1080
480
755
857
825
854
1268
679
1346
313
1498
346
1334
1345
1532
866
784
1409
753
940
1512
778
749
984
1204
1493
1443
1156
969
582
965
39
1132
434
937
1231
1391
1056
777
581
1449
1545
1514
955
250
375
733
706
701
1185
1168
1286
841
1309
471
882
917
692
989
802
167
808
81
764
621
172
316
1148
201
420
1057
1524
604
592
574
38
327
152
585
282
301
386
107
1288
1521
1187
13
805
1468
335
536
1070
1396
366
856
3
735
175
510
148
494
59
623
1039
780
218
1531
393
748
418
1479
179
437
159
408
311
507
1067
85
661
1164
710
132
672
643
207
522
632
15
635
171
935
217
858
382
163
851
279
1260
570
913
1053
6
903
1306
189
835
833
1526
20
4
296
1506
1398
1162
617
403
493
1229
245
1387
1183
96
419
846
1408
717
993
1367
281
1074
740
531
1209
253
1126
1470
1104
1011
797
907
68
1137
1044
1310
1467
7
1117
65
440
318
1278
44
666
1362
309
587
986
636
1287
1280
942
1152
287
341
695
283
210
906
897
469
925
1196
1300
1151
379
1523
597
1397
528
105
981
742
589
26
1477
947
1518
17
441
200
257
1337
380
547
633
499
1125
1100
1073
157
535
1061
1141
815
1505
1411
1171
619
816
1382
161
707
131
1083
450
775
347
164
934
1247
922
1394
966
1355
328
818
1340
147
936
811
655
29
1475
744
443
1484
45
1159
736
1269
506
290
368
400
1064
716
1483
508
1245
378
640
609
430
292
177
489
596
315
908
91
288
1424
653
41
263
71
534
248
1007
304
188
1273
1267
402
607
888
332
786
721
1386
285
191
1102
1522
737
144
390
1297
757
149
329
595
1399
551
1535
1114
1374
612
933
502
1045
256
1472
280
799
1375
926
1055
1539
599
181
1220
876
362
1492
527
317
867
1513
1264
1050
1249
406
1481
796
264
62
125
718
19
916
573
183
216
259
487
521
684
162
1324
308
456
1427
1450
651
500
762
975
99
946
1210
512
1180
1497
511
82
544
1027
711
1120
373
486
1318
996
401
530
880
1163
1349
219
944
767
873
518
117
514
794
319
1342
693
1395
829
1016
1471
1008
1254
1036
1437
