2295
1018
3461
298
646
2087
1274
1864
523
2450
5681
4805
1411
216
1517
3007
4373
1313
2631
2226
5955
5583
4309
4530
2054
2031
291
1988
2402
531
2260
1983
5540
1120
1514
575
3902
1701
4366
2225
3669
1077
5506
3920
1824
686
286
539
4696
2286
3297
163
1456
5193
26
2967
2160
4881
205
2103
5259
2865
873
4513
1760
1581
1369
808
4361
1011
1675
2914
612
1593
3048
38
5596
4795
3423
499
358
1747
3197
5682
2623
3985
4576
257
3589
3565
3989
326
4847
1036
744
5367
5666
2752
837
408
2333
5462
3857
3778
1105
2313
3449
509
5290
3044
4887
297
4657
4145
2902
553
400
5128
270
6010
4920
845
5333
4486
231
1489
4303
391
534
3164
2414
203
2325
3680
885
3774
550
2517
5098
438
2360
492
1117
4588
4464
2152
68
1480
2088
1766
4997
4394
5408
2081
696
5227
777
3899
5274
5767
1612
2438
4033
4619
852
1412
3103
1873
4067
5436
4197
1205
5545
3213
1039
3194
3159
4283
4019
1979
4250
5479
3016
187
5308
5403
909
5987
5924
5502
5327
5111
5246
3446
2083
4943
704
24
5740
4778
829
1481
1870
2380
1548
2552
5745
1361
2167
3743
4240
1271
4769
2067
3112
1123
4831
5264
3592
5103
2766
5480
4381
2272
1132
6032
4463
4472
2799
1801
2278
2058
3170
2745
2946
2204
3499
2566
5092
4686
1062
3222
518
883
4581
3634
4088
1466
1224
687
1521
5805
4045
3291
3660
2857
475
465
4701
1942
5419
41
2154
3730
2921
4741
994
3447
20
5387
728
4162
3173
942
4170
3519
4768
982
770
879
21
2603
2023
4129
2991
1678
622
1589
5094
5912
4872
5011
891
515
1771
4054
1909
3058
3493
6020
751
5953
1874
4683
3675
4016
2227
5926
5034
4857
2760
4479
1565
5723
3560
198
1463
5077
695
5133
2875
5173
5662
51
5154
796
1379
3408
964
4132
4637
2022
1246
870
5304
4179
5807
2683
2952
3264
6016
4351
5168
3570
3478
5716
262
667
3537
2629
4106
4229
1736
2222
497
4008
3040
5409
3440
4211
2985
3481
1352
2776
2266
5990
2389
4617
3535
3181
370
2904
1556
592
1778
733
2162
3388
3984
4204
2966
3922
3604
3274
2645
2026
1381
2002
923
2476
1192
2009
3209
1354
2630
732
514
4915
2234
5676
5244
344
4602
3938
320
4355
4316
5483
2598
2474
425
4212
246
1497
4035
748
5394
1858
275
4522
5027
311
4441
2977
680
4388
605
2676
273
3210
2075
4487
1006
966
1200
357
4306
5593
3833
3962
1383
1078
3127
5325
4023
1351
3999
1739
3807
3868
5927
2478
2578
3943
945
4510
397
3830
848
1496
5647
782
3904
3161
5705
3143
724
858
5202
4930
4011
5776
481
2588
1290
4840
2454
3883
4517
4848
2619
3437
2932
3051
1829
4601
2120
5358
1744
5237
3501
5639
3038
4387
4057
517
1362
211
1614
1206
363
208
581
1238
4839
354
5486
1149
1775
1024
1058
301
5360
4665
4498
2453
469
5278
812
2816
4297
79
256
634
714
790
427
1426
3616
4244
2190
3360
2534
2385
1857
1144
2964
377
639
2673
5809
5397
3155
3168
4323
2308
109
188
4633
906
1211
5815
2507
1390
741
1526
736
5611
637
5207
1279
410
1302
2701
3270
5911
4799
1012
3119
4274
5972
1251
3302
503
3847
265
5846
4532
5638
4073
2421
5089
1596
5680
3458
1731
3221
3992
4745
1788
227
4239
5251
3454
268
2986
954
3740
4185
16
5389
530
1328
2518
4154
1088
2393
2277
333
820
4874
75
4031
660
3867
510
2589
1670
1076
1021
3497
4862
3694
4083
4348
3390
3852
2086
5458
5560
407
4111
2030
4092
1034
3092
3641
3359
1780
6024
2008
5115
2574
2677
1267
1777
248
5464
1835
5581
1002
1203
4846
3873
1950
3413
4785
4983
3863
730
3328
3095
4047
2431
3870
1734
3024
1507
490
2615
1600
4835
102
3262
5349
2825
4195
1622
283
671
4166
5899
4227
5026
4151
4792
3102
5935
5393
5691
3956
1697
5824
1172
3828
1577
2369
317
757
1183
3426
4561
615
2933
2961
807
1892
4201
981
750
2263
3588
3606
1249
3427
2742
2656
939
70
1742
2808
2128
4397
4712
4571
5300
4538
2290
387
1048
2927
5147
4547
2105
4160
2734
4110
4079
3352
5187
271
244
1903
3294
5750
5970
2692
3149
4562
4021
1943
759
2593
1370
94
3200
4557
4757
4308
3062
5009
868
42
3626
3951
5976
835
5243
4087
4521
2535
2239
305
661
1646
2050
5433
2019
1104
4105
2390
3473
3966
2573
4901
784
6012
1748
4646
266
4765
4017
2161
5787
3598
4733
631
2938
628
459
3231
5487
3379
2836
1121
5779
3750
4216
1540
4870
4462
1074
415
1853
811
1152
3850
1394
2060
6018
5361
5894
5417
339
3295
5186
4442
561
5209
4357
1126
6003
2704
2771
970
1444
911
4119
519
4580
4467
4732
3864
3085
3623
5353
3549
375
4759
1174
5766
5232
5689
126
4935
4854
2584
2016
5510
313
3926
2335
4936
4086
552
2043
4830
4752
3709
1960
3392
1671
2130
2757
4225
1767
5341
299
1287
529
4590
1799
871
2864
2192
3811
2223
769
1261
2418
5362
2398
4076
5359
2233
4102
1755
3629
1072
867
5636
1681
2936
1316
4796
179
5455
772
3260
4242
5312
1792
2521
1842
3189
1570
1122
3556
697
2443
3845
4687
4739
1318
4677
2344
2797
1066
3020
4787
429
378
3768
1293
699
3303
861
1830
1050
2492
3029
2531
5301
4315
5677
2174
1657
1613
2336
325
707
4042
4115
1168
4910
4369
4988
2126
2611
5236
4382
1784
228
3033
5627
3612
1321
3577
3659
5441
1207
1269
185
72
3769
2978
2532
2511
225
1510
5369
413
1014
830
5700
314
4157
3272
3816
4993
1008
3223
1311
4461
3361
1587
4721
1896
2353
4286
3638
1112
738
5732
5488
1169
3651
3407
341
2000
1714
4345
4116
3195
3121
3610
2149
2519
2891
4269
4208
3530
3206
4258
3622
5670
3310
3567
5060
4243
2410
3995
3859
3933
4597
2897
5185
1894
3766
471
4990
345
5281
4635
4919
100
83
4873
4998
2685
5340
2785
4331
1984
3812
4529
4124
4393
3330
174
2066
904
2856
1458
4904
5575
5741
2775
4483
5322
1944
893
4974
1833
4518
821
1737
5760
2301
2415
3145
5864
6019
3233
3207
2777
839
4511
5959
556
722
3575
2256
3368
1915
723
2815
3844
106
5064
875
5347
3219
887
5032
1216
4377
2810
3523
4305
2774
210
4898
3246
602
3686
5280
3376
2078
2304
2569
3045
2859
2894
1738
4146
2446
4055
5170
3849
2102
2499
5285
1787
437
4271
154
13
4100
1333
2658
2201
4352
1294
4427
151
3656
675
2349
4085
926
5231
5507
5696
3397
1605
3011
3752
3487
2316
5266
4640
5309
2644
5346
2131
3151
5512
3725
3110
5407
857
3342
3237
5830
5453
591
4098
4623
3782
3340
4802
1373
4501
5469
1154
3280
5320
2632
2202
5131
3987
5765
5316
1695
1276
3422
1806
3636
6
2034
5189
1918
2621
1627
1805
3948
3585
5527
4827
2240
4041
2486
5855
5302
1550
3208
1375
3810
614
4533
2319
4763
4165
349
159
2926
507
2038
393
2662
3534
3947
3436
3166
2218
1954
2801
5984
5261
350
931
849
4764
5270
4957
5630
5374
5377
5711
4266
1972
3668
5155
969
147
4002
1452
2359
479
3578
1013
4113
3877
5878
3991
1590
3779
3781
4173
5492
5688
92
5755
2306
610
472
3954
1384
3074
3997
4134
4964
4161
5731
2384
2599
5474
421
4592
1010
3613
1223
3371
2975
6027
2738
5739
4164
2880
3288
3551
5273
3094
5126
2248
3958
5217
2935
3726
2958
2862
881
4075
703
4341
3898
4676
3059
3583
4379
4952
5467
985
886
5448
5773
2062
4292
5007
4823
5184
2417
3076
2688
3236
5820
1341
715
5993
3804
2477
902
5030
3858
4044
5884
3409
2495
3653
4014
5317
5989
2464
3308
3467
1851
2713
2824
1408
1839
2125
4080
5908
3256
5874
5247
5831
2049
5913
3225
4668
152
5869
3387
2496
120
5432
3495
1143
5152
3005
439
5852
18
405
2747
3990
133
516
441
58
3806
3257
2695
467
272
2170
1617
3122
491
2888
1043
2829
468
3848
5841
1872
2175
5695
3329
5697
3480
4523
4758
3271
5656
5757
3006
3580
4415
5210
2609
2274
2470
1498
103
5319
2709
1026
200
1159
3639
3118
4771
4544
1064
2839
1592
2529
5531
2231
233
1838
3717
654
3547
2166
189
718
595
3298
452
1566
2382
664
367
4036
1841
253
1305
5870
4958
677
5310
4012
5125
1647
478
2726
5914
5881
1669
1130
5391
560
2740
2236
4548
3479
3678
1658
4690
4424
392
5375
1331
657
1198
5396
1118
2247
5817
2547
3520
2093
2571
420
1615
98
934
3357
3046
3098
2635
4257
4171
1243
4281
616
1473
636
1654
1970
1193
1901
3000
2702
2127
771
3220
779
5339
3439
1325
3238
582
1402
3263
4987
4868
536
4380
240
5019
5326
1237
2242
951
1067
4293
2142
5271
3649
2452
3022
2666
4933
998
4276
1843
2918
895
356
910
2554
1285
1836
64
476
1185
992
4220
3817
1468
3353
3105
2779
962
243
3842
711
5116
2548
1579
4200
5294
5501
1016
3932
5532
3192
1501
5449
1212
4574
2365
4353
2303
1765
5016
4096
5332
355
2141
2159
4551
5366
3215
1028
1871
1867
4750
453
2428
787
897
2596
5699
1773
1537
3325
3100
3757
4822
2189
2144
191
3083
2583
3931
3275
4072
2077
5925
5652
4232
2425
4782
96
1003
3599
1886
1137
330
488
5867
743
6002
818
611
1677
156
1539
411
430
1992
2211
1255
809
1167
1450
3142
653
5491
3855
1288
139
158
3120
3362
2397
3888
4639
5253
2199
2641
2264
3841
1533
3528
989
2523
25
4422
2200
5821
3582
2482
5427
2158
5631
5291
3265
4859
1180
2806
2840
4384
404
4688
5628
5759
5255
1945
1484
936
4150
3671
2350
3851
2943
1623
2934
373
302
193
2899
3154
169
3345
2033
3741
5450
124
1281
2929
1136
2334
2463
1971
284
3572
5364
4981
3114
2107
2634
5263
2513
5245
1087
2719
3662
5736
4776
3247
2229
4897
2770
2358
2849
5795
3736
4648
5879
1703
1047
2572
5728
1194
5400
3500
97
4809
5703
4065
4902
3148
3796
2412
5907
4754
1329
2276
4807
322
4965
162
1812
5553
3475
6028
5904
656
512
2373
5822
3517
3004
4130
160
2070
4480
3529
1440
3386
3644
2604
5457
2592
5920
1150
566
5724
4903
3957
3008
300
3587
2707
2021
668
1674
376
1888
5097
3595
1486
4888
5143
5164
3339
2735
2292
3511
659
652
5079
3101
5252
2279
4882
4104
655
3533
4996
2877
3963
1102
5964
5718
5734
4205
4806
535
4742
2245
4883
4241
5383
386
2392
4950
1000
1555
2575
59
1642
1506
5771
5351
1530
2017
4679
5363
3199
5022
2407
4228
3226
417
3055
17
4399
3332
2879
5621
4852
3365
5415
3871
5499
1101
2197
2330
5493
2559
4060
5850
5952
3377
1286
4549
1811
2011
1522
176
3801
5456
308
3049
1277
1254
5840
1919
5031
4710
5045
2577
5713
882
4190
5178
4536
4724
2729
1217
4931
903
1625
5932
359
3113
2471
3482
153
5981
1073
4577
669
4403
3184
31
3605
5303
2106
2305
5982
1386
3258
3884
1093
746
1505
1768
165
3815
1348
1366
2994
1109
2616
3057
2953
2405
1641
1912
4434
1009
3762
1724
844
2273
1995
5481
2537
5919
1339
5410
4836
1053
2181
778
803
977
5684
2069
2828
5849
264
965
1924
4000
1814
549
1564
4565
4800
1693
3538
4317
4389
5704
4756
334
3178
3960
3761
2853
1454
2293
304
4722
997
5223
1899
5551
388
5559
1182
929
5018
2730
706
4954
4430
705
2665
485
4287
720
3609
5005
5825
1949
1181
5447
3402
353
1528
4748
1690
2625
4411
3052
840
1388
983
3082
987
4114
813
2042
4891
3395
4760
2188
2867
4603
5149
4794
3157
2458
4698
4534
307
1905
3791
2530
2342
3708
1643
1346
395
82
5727
5099
5386
2205
28
1196
2012
3032
3854
5157
2672
6029
2198
4866
161
4649
3979
2176
3562
1953
3784
2059
3498
4209
3573
4401
5529
2483
1106
91
5180
4445
4666
1330
5587
177
4925
4446
4714
3039
3485
3892
2444
4069
3108
4007
1092
4546
3311
2040
4192
2848
5416
814
3912
2924
2123
3290
3484
5520
4719
4519
725
414
957
2287
43
4005
995
1993
5120
2637
4798
1817
4731
1917
5620
5866
3820
3191
2246
1099
442
3749
3983
2473
1201
3017
1416
3802
489
1068
4253
269
4869
71
5782
5470
3401
1977
1544
4407
2863
4048
2570
2813
1499
2395
214
1275
5629
5496
129
5250
6037
381
635
236
874
2133
3380
863
1371
1160
4753
5601
674
2124
77
5612
1957
1560
328
1171
2214
1210
5556
948
5198
2005
60
1258
3832
2830
3553
4824
6030
4829
5675
5452
1301
1410
5945
1850
2668
440
3117
451
4596
5672
175
2111
3885
310
3088
3611
5565
1692
4285
2545
1916
3137
749
938
4020
226
5475
470
2429
4662
5717
4937
1818
3541
2931
878
2459
2080
1726
5535
1997
1344
166
2724
1332
5056
3635
3819
4863
3596
3364
1790
3366
1199
4476
5962
2139
5008
5129
1800
1138
2497
1075
774
2919
5897
647
4966
5799
5971
1707
458
892
5640
4850
805
5792
3763
2860
1241
5633
3417
1460
4976
389
3759
4255
2767
4747
866
5796
1761
1060
2500
5014
4493
5013
3805
2783
876
2999
3654
1572
4612
2956
5258
504
3950
3123
4775
2089
4926
5673
5485
1813
5293
5986
1326
513
3355
856
1446
3648
252
2368
4099
2720
5439
3129
1041
4680
4875
4184
3952
3160
2972
3571
2696
864
1
3700
2258
4844
3018
5655
4172
1236
3747
2567
4896
2979
2922
4578
3073
5504
1218
3532
2487
4372
285
5586
5896
1676
1727
1656
4876
1429
3949
3787
4894
5947
4325
5268
986
3632
3068
1893
3557
3356
4279
4109
4811
1202
1462
1355
4651
496
1488
3788
4879
1844
2423
5042
140
5793
3456
2761
1687
5997
3090
5286
959
1176
2265
1291
3840
1195
6025
399
1482
1523
396
3531
2164
1265
842
3350
854
4291
5046
4028
2195
5873
2890
2746
3518
1509
5169
2082
2300
2667
448
1025
5980
1826
1156
5988
5641
4152
5860
2800
5606
29
2893
2795
822
2739
5847
3838
5295
3794
40
3718
3285
3124
1672
2772
2646
5444
700
2587
1184
2378
2354
1148
276
3745
4362
197
2643
5865
4626
4155
3969
4176
3323
12
343
321
1644
4542
1367
1685
1297
1704
2712
5544
925
6033
4233
6038
5858
775
726
5172
2140
2289
2993
1270
5738
3890
5305
2481
1317
5024
4153
1659
4726
1247
1694
762
2896
3545
1763
3998
1222
2427
1576
5105
3354
366
2132
1164
5262
2854
4066
2833
1519
4248
2379
5473
2121
5946
4300
145
351
3239
5653
1430
1937
5614
4006
2044
4744
3552
4740
4444
4095
3043
4175
4284
4475
3010
1662
1146
2652
5413
2987
3674
3574
4038
5440
2501
3508
2432
1645
5943
365
3568
2941
2550
4786
5142
5573
3619
4447
5208
3934
2996
735
2399
4970
3993
3261
2032
4313
1017
5687
1902
739
5906
5978
93
3281
2557
1940
3152
255
5604
3165
3358
585
3906
3800
2001
2006
3433
5490
2003
4234
3681
5118
5876
335
2624
4884
3539
4899
5800
2524
280
2338
1804
2326
3172
4254
1095
851
1175
3034
4425
3755
3013
5563
2613
3974
3096
3897
3818
3146
1433
4391
4821
776
5518
1751
4121
1774
4251
2094
5737
215
2508
3344
5794
2206
1363
5348
1621
498
2352
4555
1636
1668
3682
5424
766
4210
3971
4520
2298
2769
4995
3224
4738
3540
1491
4880
2944
4478
1085
4583
1575
5625
3442
1295
2221
2526
5789
4437
3351
3982
1161
3477
4252
2178
4770
4193
5933
2727
1308
5588
6021
5388
1667
3201
5590
1990
1094
5875
4270
4421
2614
1443
2097
4545
4222
828
84
645
473
1869
1377
2403
2642
2654
2717
4975
3866
3243
2855
914
1568
2551
3886
436
5667
2541
2562
5801
544
2364
4703
3617
5509
5522
3792
3986
5330
1921
2536
3909
2209
4268
4013
4934
2522
4568
207
3217
1427
5028
4595
132
590
130
5505
570
562
2348
5816
5892
1215
4812
1863
3081
3970
4928
5001
5722
5498
4636
2151
4625
1119
435
4984
5123
2639
4489
3942
5163
199
1925
5451
4199
5088
4149
2275
5900
1974
1955
4963
5546
4772
1162
2426
1754
1783
2254
1023
4460
1883
3445
1803
1655
5104
4046
80
171
3293
5511
2383
1653
1834
117
5651
4032
2136
2708
5895
1890
3670
5615
1030
4360
2362
4973
3543
3252
1230
3287
5610
288
5201
4414
2322
5609
1079
4959
5183
980
642
1415
543
2754
1661
4131
598
5915
5730
5663
5938
5910
5616
1597
2018
1923
5772
1278
2475
3421
4435
81
4922
4620
2108
1022
329
1880
4167
988
4582
495
3203
5357
2098
260
755
670
3720
1618
5272
5552
5392
4062
4500
1204
5342
1226
4892
4214
5380
5495
4247
2440
5637
5355
1327
1434
1708
1007
4755
3334
4502
2377
4163
89
1723
261
2699
1512
385
5212
3099
1083
4191
5813
3296
1252
390
4265
1648
4673
3554
2822
2749
967
2512
740
2916
2561
2196
2909
2636
3814
4684
2302
2048
3204
3202
665
2793
3516
4112
2374
3284
5835
5888
30
1756
4653
3230
3268
4834
4674
3765
4967
3964
3664
1634
3309
4917
4455
4314
4218
4531
2576
5968
5948
4010
4704
2147
2647
1324
5166
4196
3711
1365
4944
5537
4598
1652
4693
502
1543
433
4263
319
4378
2324
5284
1320
4456
5192
119
3614
5213
5853
1262
2244
586
1889
2826
1503
4059
3071
5916
4994
5650
1963
2960
4288
4117
3240
382
3245
2542
2798
5385
1868
136
4358
5569
3180
206
1257
952
14
164
2310
186
2976
1862
1981
1248
5425
4457
2491
941
2441
1845
2291
4717
4231
101
4043
2784
3908
4182
3739
3764
2715
4751
1546
5949
5307
4813
4396
2179
1070
2533
5751
2096
1177
5791
3953
4991
5211
1932
5960
2901
3078
946
2337
3925
5010
4700
5371
2809
783
4245
921
1414
979
3824
3835
4259
1848
5939
78
181
4180
5190
457
5702
872
5196
2778
2516
752
3066
3115
3396
76
2460
990
2781
4082
4908
5595
5733
3924
3091
1372
2439
3923
194
1407
4616
3128
5645
4734
1810
2680
937
143
2173
1273
3882
5156
1821
1135
4436
2540
2113
4913
278
5090
3450
5145
4347
3188
1549
2869
5804
2837
4569
3876
2990
6017
3065
5674
4450
5707
1280
2091
1314
3139
2650
5324
5292
5121
5854
2698
2270
1398
108
1500
2150
899
5233
5055
3419
2638
3406
932
3790
3042
5135
940
5352
525
4482
167
4049
5923
5957
4924
2612
5162
2039
3483
2912
1710
629
5515
2920
3716
5412
4364
4940
2651
1046
5283
4312
1907
5138
4026
2036
4938
2051
1966
5683
3679
4631
2558
5465
3193
293
3667
1515
2563
4777
4431
4537
2640
5036
3163
1898
5454
4659
1231
2538
4454
5195
3455
245
2716
1096
4971
5967
1049
483
4466
2544
1520
950
2700
1455
168
4526
5806
454
5460
5405
3250
5708
461
242
110
5072
5471
5482
996
5941
32
1125
2408
1306
1256
3138
5956
4139
3894
4339
1786
2194
4221
3729
3326
2252
4473
1980
2257
5489
146
5623
6006
4495
2873
5823
1259
4999
3506
3441
5678
2171
5065
4961
2989
3799
5572
1860
3021
2525
4333
1244
4037
1598
609
2329
1289
3216
4833
4647
5664
956
5764
5102
2472
3028
3689
4453
5478
1538
976
4762
4968
3602
578
1904
1253
3025
2434
6011
5660
880
3929
5608
710
3722
1300
1490
1045
2903
3563
621
5218
3594
5257
3927
2866
5574
383
1578
2343
1337
691
2462
2671
2679
4443
1071
1487
380
4260
555
3930
1492
5463
212
1959
2361
975
5429
968
679
1633
196
2947
1188
3416
4061
4695
4553
1421
4670
2539
1516
2984
533
4838
1822
2119
632
727
3156
209
3566
4667
5267
3502
3856
2691
5861
804
5124
5634
4363
3975
121
4370
2340
1729
5725
5004
5642
3393
3079
4135
1005
3915
1743
2448
3878
2908
5768
2104
5566
5885
2649
594
1770
1493
3374
36
125
1733
4474
213
2449
466
5539
5714
4326
4
2436
5644
4368
5006
4084
1551
3185
576
118
5238
2356
3218
5928
5958
5979
5665
708
202
2608
5929
5224
5744
2312
4525
5709
222
960
3063
747
3158
3457
5230
3003
4629
3643
4103
5513
2071
1700
2253
219
5961
323
2456
2948
5844
5828
3489
3760
172
1689
3913
1906
116
5384
5661
4559
5719
623
3278
4871
3047
5626
2789
5951
5421
915
4797
3438
1558
2838
3080
5063
127
3324
3988
434
5113
2230
1745
4779
3880
3744
617
2157
57
2007
1283
1151
5067
1720
2028
4439
3753
2419
5788
1051
3175
3712
5966
4819
3466
1986
5422
3973
4535
4052
2706
1991
1063
5577
137
4927
2004
3459
5182
4708
5594
4071
2317
3961
554
4337
2995
3939
5158
4295
5905
204
5395
1832
3205
2315
4566
567
1524
2792
2687
3050
1928
4188
369
107
4452
3597
1084
619
5093
5942
493
3935
2817
5414
557
817
112
254
5624
1467
1114
2900
3424
753
4428
1345
2710
2099
418
2114
919
1447
2898
4982
5889
4953
4948
1679
5423
2346
5191
1553
4440
5047
2153
5037
2320
5334
4469
1529
2055
456
4496
638
5368
3699
712
3255
596
4503
1861
3432
1820
3373
1684
5658
4942
4825
3771
5693
2163
4564
5015
4528
5379
4878
462
5203
4418
2182
1571
5215
3109
4125
3526
4711
801
580
3522
2072
47
3914
2610
3277
3229
1419
4524
1629
1772
23
5390
3826
2949
4296
5605
318
663
4780
3305
9
5200
3996
5576
546
2718
928
2606
1459
3244
3313
4539
4634
5085
2945
4579
1719
4310
2886
4417
1750
2203
3337
3144
2505
3211
5770
4621
3060
2269
2063
4749
1620
2818
4585
3773
922
5279
1660
3269
5542
2579
584
5819
4906
3544
1113
5069
3319
1607
5107
480
2939
4009
4630
22
4282
1191
424
3697
3631
111
155
3306
180
618
5350
4720
974
3418
1322
1234
1964
826
2250
3994
577
4304
2457
3731
2155
5726
1682
1061
944
224
2394
3704
693
5066
5311
2768
1816
5343
1448
913
5985
3452
5886
5134
4694
4567
5318
5994
5110
4735
1170
1420
53
2251
1035
184
3733
5902
5239
4992
5220
2878
5306
5260
3512
5472
5778
793
3315
2731
3370
5790
2851
4301
1554
4527
2937
5050
2780
589
3331
2406
3174
2794
6036
5222
3227
1939
2215
123
1343
5106
3037
5597
4261
1457
3462
5600
5648
3767
4147
2906
4947
2827
3403
2404
1158
2930
690
1173
2183
4375
3600
5228
2029
1335
1165
2143
360
2705
4426
4594
760
3569
4404
5602
4861
4746
3405
1391
3895
1518
2117
1802
506
1214
4327
792
5833
5848
972
4650
5216
1705
1133
3249
5584
1190
5798
2907
4219
4280
2376
2515
2430
5936
505
4419
2345
2607
603
1004
1987
3469
5598
4699
105
3378
2974
5114
2025
2068
173
1885
2469
1913
900
1141
4249
2259
825
816
2969
5500
3198
1709
1895
423
958
4791
4627
3584
4707
1089
1260
4359
1796
5810
2765
279
4729
5338
5175
332
551
558
4941
4336
4702
5084
347
4845
3316
2488
4507
2711
2433
1451
5321
3798
734
1619
5922
2327
1982
2905
2796
1298
692
5071
157
2750
2210
4912
3829
5797
1606
4855
4040
3917
3448
4541
5323
4645
1052
324
3214
1569
4877
1594
5803
2915
3002
2284
916
5048
1056
4608
4108
3665
5963
1973
368
3369
3463
1769
2074
4189
4334
5749
5017
4540
831
1782
2998
2714
46
2027
2146
4429
3389
5838
3786
3907
643
4978
3027
1080
3900
2844
4120
3474
2165
5179
4277
2951
3735
4470
2187
3860
4374
4552
5117
2971
295
1128
69
5399
3153
2219
1702
3702
4641
3628
4803
2764
1580
3789
3579
5999
3186
4611
1922
3318
1387
3375
1559
4725
4949
2981
780
3916
5517
2112
292
4215
5550
1699
1129
5619
2090
2232
5052
5372
2212
2046
4743
1764
2983
1342
3336
924
3212
4078
5742
2186
5836
3696
5917
73
2883
3881
5786
5580
5354
4946
5862
5754
5992
5402
2834
1282
898
4492
927
4593
1962
3593
195
3646
2191
5890
3698
5150
5585
3910
4367
5748
114
5336
4808
4449
1307
2014
2842
3965
1413
3608
3030
5181
4091
4068
5108
3809
4330
3695
1961
3187
3701
4412
5549
4024
5758
1111
606
3513
3546
4718
1746
1819
1640
474
5930
2294
3491
773
5654
4070
797
1220
3053
4691
5265
1124
1616
5146
2845
3106
2889
1798
5240
33
346
3637
685
4889
5812
2694
2911
3348
5898
5053
3891
2280
4914
3919
3808
2238
1296
5880
5039
527
935
583
183
1910
548
2145
1881
1712
4459
5950
786
2400
4632
5887
1392
3335
3688
1233
4851
4790
4273
1878
10
4015
607
1364
4451
850
5225
5774
564
4118
2424
3737
1897
4655
2693
4137
3012
4923
896
3946
5021
1936
2297
763
5975
3879
545
1086
3300
4675
768
4386
4148
1680
5442
884
5558
2992
3633
2493
894
5299
3126
4136
229
1588
2367
973
5901
217
3503
4955
4321
2620
593
538
1608
3691
3869
5040
4406
4638
4022
4886
5331
5851
1406
991
1781
1927
824
1635
3179
2527
74
3242
912
1221
4365
3410
4107
5000
4311
5528
1882
2484
2690
4766
5780
5829
3399
1441
3918
1435
5692
953
3383
5059
5054
4586
2381
4346
5140
5461
4801
447
1082
361
4589
511
5254
1097
5622
3001
5313
5863
3140
4488
5548
1349
1567
1562
4554
3385
4761
2802
5712
4356
5068
1547
3363
644
1884
259
3232
3862
3067
5214
3321
4508
1038
2648
5536
4515
3746
4302
810
3133
888
658
2485
1852
1859
2786
2437
277
5096
3905
5868
2490
290
4207
2737
3234
1735
3430
3415
5649
3254
135
2689
5241
608
2725
2602
5428
5756
3135
5856
4198
4289
3019
563
1424
113
401
3132
794
4319
230
1476
678
2965
1418
2109
3384
2409
5381
1725
6039
5165
1585
4471
1591
2580
5112
1639
1461
1637
1624
2663
6031
2351
3130
3367
4609
5141
2597
1470
713
3434
2723
4909
6009
3507
4709
4727
2053
3054
4400
372
2509
2759
5082
3627
1425
4392
604
3770
6040
3875
4335
1536
5459
4338
2884
4584
3273
5420
5070
2885
309
4053
1353
1091
1651
579
1545
4804
1131
3510
4077
2506
5373
5903
2968
2846
4398
3590
4713
4174
3853
315
1442
1847
3687
4448
1840
412
2661
312
5785
1865
1336
3107
588
1595
1055
1837
4682
170
2447
1264
3521
683
521
3728
3253
5720
2870
3228
5378
682
1037
3576
2065
5438
889
5418
444
5430
702
5973
4624
4433
1795
2388
2555
2954
662
3955
2101
4420
4409
398
4122
1304
3672
2678
3514
2881
1140
267
1541
6022
5524
3134
362
2787
2073
4494
4485
4267
5571
463
4390
4784
2744
409
5406
4613
2401
1485
4828
235
1479
4484
364
1638
1601
1178
54
2601
5174
5686
984
3901
2697
4644
841
1266
2546
3874
1574
11
1815
142
4774
1428
1475
2664
2581
3705
5074
764
3707
2015
1941
4864
2391
4126
587
2590
4237
144
1789
2479
1952
5376
2010
2255
4203
2451
3684
2363
5834
3978
1027
1404
2366
4156
961
5205
3077
5832
1583
3524
3861
2674
2628
426
5337
1930
1385
5057
5127
2100
1933
1378
520
1228
524
3509
182
3550
1976
2831
2282
1628
2047
4658
5857
4408
3444
2137
5802
4324
5132
2037
993
4972
681
2600
2156
3825
65
930
2331
651
1319
4652
5329
4272
3896
5837
1717
3167
1268
2396
52
1665
1338
1423
4678
4438
5153
756
379
131
2118
4354
1403
877
4916
5167
4730
3642
2962
4343
1436
5151
627
3009
798
3783
5657
5533
799
1599
2013
1189
2217
394
905
1395
890
352
4405
1956
1683
620
3803
1828
1722
148
3072
7
1855
2758
3061
4034
5404
5921
3147
847
4050
3893
569
859
2543
5062
3435
5081
3486
2467
5256
4158
5012
3723
5589
5859
640
316
3428
1827
3714
3843
3751
1666
5747
1033
5965
5668
1240
128
5715
3116
4235
1399
836
4563
5516
5144
5783
45
4610
5646
1951
4606
2185
306
508
37
5288
1227
5934
1432
2594
5100
5382
5109
327
460
4642
134
1876
1445
4246
1054
3561
3941
3056
4716
2684
5617
5401
6007
572
2135
5685
336
1107
1229
5080
4841
3727
5763
87
3515
2216
6015
547
2832
1713
3542
2675
348
1584
3464
5226
337
3661
5051
1808
4575
3015
5974
1469
3162
4490
4468
5199
1209
1691
2129
5219
1358
4945
613
1232
5086
4514
1310
4516
445
4618
5909
2973
2743
3795
150
2085
1994
5940
2850
4133
4030
3338
1438
1272
3
4681
3411
5497
4985
5083
4858
1947
2
5872
223
3748
3070
4979
3394
838
2982
2084
2553
4371
571
630
6008
4178
4142
2020
61
5315
4141
1315
446
403
4423
1757
1793
2736
2963
4737
2110
3443
5242
5781
1968
2224
1439
5043
5503
5023
4600
2371
3251
239
4599
4344
2243
3601
3084
274
3425
3865
296
5578
4402
2323
2721
1535
4715
2045
789
4003
1471
1785
4921
2502
2285
2821
3776
35
1219
1389
4692
1409
3772
626
50
5275
4705
2148
2763
4816
1920
1825
3404
4865
3780
3683
3732
1602
5543
34
1098
3652
1967
5579
1019
5729
5095
4278
1465
2138
1527
3183
1187
4969
3972
3322
2925
860
1393
5547
4350
907
2041
4101
3673
2670
3504
2116
5484
3615
1340
3451
788
5038
4329
1908
5669
3976
3793
5839
2283
717
795
3429
2618
2249
2357
3620
1157
1359
3346
4661
1866
2445
574
1563
3655
2503
2565
2057
5818
1449
5883
4817
5944
978
4432
5937
4090
3650
4736
4867
5091
484
2681
2732
3827
819
482
3465
5328
1926
1134
3472
340
1309
4604
4376
1856
2267
192
190
827
342
947
4056
4615
4890
2035
331
3031
1525
2841
5613
5567
1502
2168
2950
1100
449
2468
1250
3822
62
2489
4810
3944
5746
2791
2622
2682
2092
141
2288
815
6013
422
5882
5523
532
758
6014
4654
540
2375
1532
4181
3267
541
5176
5679
832
4837
4128
4980
3940
450
4202
1877
2751
2788
3041
5234
2321
218
1752
4793
4138
4614
2480
4169
4318
3823
2307
287
2660
1879
4932
933
4025
4509
2184
220
3087
4669
3977
4660
2805
1303
3177
2868
4465
5775
5058
1347
3279
4607
2811
371
249
1831
1513
263
1630
3064
49
5477
3460
4956
2605
2955
115
5297
443
6000
1001
2582
865
5269
1263
2061
1706
4332
3690
5276
528
943
5541
3831
4307
3758
234
8
1823
3647
4264
709
1323
3382
1155
2876
3314
1059
3097
1142
4127
3349
2134
4986
5843
1626
2819
698
5753
247
4605
90
99
5877
3304
2177
3282
2299
2959
3548
2435
3299
4672
4773
1057
4893
4081
4186
785
5603
4573
232
2871
5508
5221
5476
2241
2498
1417
1797
4217
745
2790
5229
5025
4089
1673
487
3903
2422
4591
2595
1356
1029
4560
5426
1081
676
2314
5671
5706
3196
1464
2076
1573
1065
701
1145
4410
1474
716
1758
908
4570
1504
2755
5954
5743
3834
3603
5811
633
3453
3721
3176
2465
3872
1728
2328
1934
2843
2733
3715
1611
1225
2347
5632
39
2271
1020
3343
5076
1610
5814
5435
3333
86
719
781
4290
573
4058
2782
3640
1213
1809
2510
3724
2193
5561
1284
5075
3645
4832
5468
3677
1929
201
104
2861
4093
3756
4781
5466
1374
3797
5690
1730
5101
281
3093
2657
4458
402
3676
122
4226
5194
1357
1031
1965
5002
5020
5197
5827
1985
1998
4512
2172
2504
1849
920
3014
1696
1911
2411
2386
4689
4842
1400
3431
1511
5235
4622
4907
1996
5534
2703
2355
1938
303
2262
5568
5345
5538
4256
2858
1875
917
4497
1721
5557
1103
2387
3981
1147
1437
2213
4097
6026
5643
238
4556
4223
2318
5188
1495
4213
1582
2807
3283
2413
3558
2655
1552
4989
5931
4951
542
2056
3471
3286
2416
1186
1794
2910
3706
5003
338
2940
4843
419
4895
455
2560
3470
384
2756
4063
3248
3527
5335
88
19
5087
1040
2852
221
3564
3937
4230
2591
3624
1115
5078
2494
5969
4168
6001
846
2079
5918
1749
1753
3347
1718
1350
1632
4499
649
289
1397
1715
2370
4143
2585
2311
1483
3490
464
4342
5035
3586
800
2753
416
2913
1531
1239
406
1382
1900
2957
2820
2669
2442
1431
4194
4298
431
3657
2237
2942
1127
6004
4320
1116
3035
5136
537
5762
4558
2064
5635
2928
742
3754
4029
4664
599
625
1688
526
3555
2466
1631
3775
1453
5282
1604
1376
5871
1741
4977
2586
3663
15
1958
1650
5618
2207
5891
3837
3719
1405
3839
1975
833
1609
601
6035
1508
3666
1153
5710
3693
4094
1776
3111
3777
4826
1732
791
2872
1477
3327
3241
3581
3312
5698
56
55
5514
5777
1179
4820
4789
5159
823
5530
1791
4051
3959
4027
3307
4064
63
3968
754
3400
3476
4328
4783
5248
4383
3468
3492
3494
1478
4322
4656
2847
3420
3341
3089
5287
5996
1946
4481
1762
2722
5735
1208
5694
2052
1422
5494
3398
5356
4939
5761
3785
5073
1999
5555
3131
5206
2653
5591
5119
1299
4685
4140
3703
1401
2268
4505
3821
3658
4572
6023
1110
2461
855
2261
2728
4206
5044
4159
2895
5701
1891
3235
641
3591
1166
5582
3625
432
3813
2420
5570
3607
4238
597
806
3182
5277
241
3292
955
5171
2748
2627
5983
2455
5249
3692
624
1542
1759
1663
3069
5893
565
522
4643
2923
688
486
2626
2208
3911
2115
1472
559
5554
85
5434
3980
67
3141
2568
4723
3136
1664
869
684
501
1090
48
971
5998
5130
5398
4224
765
374
5977
3505
666
4900
3685
1032
5049
2988
3301
2835
5411
1561
3889
3887
1042
2633
5526
2997
2095
3488
4236
2892
5437
4706
250
694
3710
5139
2220
5599
3621
4814
1887
4671
3734
4504
862
1015
3496
4491
5445
4849
5845
4860
4275
4183
4299
3618
3023
3026
4628
251
2281
2309
1914
1989
1854
5204
3104
5160
767
4905
5
853
1698
4187
5431
4262
4853
5446
3967
4018
5443
5521
4767
568
5041
4918
2980
2882
5177
3125
1069
428
689
3559
3259
1716
737
4962
3266
3742
673
918
1197
258
4728
1948
834
802
5314
4506
2804
3169
1969
1360
4587
2556
4663
5525
3036
2686
3846
2617
5519
3190
5365
2970
2122
5370
2814
843
5826
477
3928
1711
2887
2514
2528
4074
4413
2024
1534
2564
3738
3414
2812
3150
5562
3536
5296
66
5784
2823
1044
4885
1235
5161
4039
2874
2741
5122
729
1978
4543
5137
5564
3171
178
27
5842
3372
4856
4477
494
1649
149
4815
3836
3381
5769
1807
1292
1779
1935
4385
1846
3412
4929
999
3525
2332
5659
3320
2339
1557
282
6034
4123
294
4294
5148
1108
5289
4004
5995
1380
1245
2341
3945
5607
2180
5808
4395
4340
650
5344
1334
3630
3391
1586
138
2549
4001
4144
1163
4960
5061
2762
2296
2773
3075
3936
4550
4818
1603
901
1740
4697
2228
963
4911
2169
3086
3276
95
3921
1242
2235
648
1686
1494
1396
1368
5033
1139
44
5721
2659
2372
6005
3317
949
5592
3289
5991
2917
4416
721
4349
600
761
237
672
2803
4177
4788
731
5298
5752
1312
2520
1931
5029
500
3713
