100	0.00004809
3348	0.00049598
1121	0.00093985
433	0.000000
3142	0.00004008
3530	0.00009819
3064	0.00006613
256	0.00061421
436	0.00010220
2843	0.000000
1818	0.00000200
2386	0.00046091
2985	0.00009218
3608	0.00010320
1076	0.00026853
3014	0.00052102
1709	0.00018035
862	0.00038876
1613	0.00003607
2736	0.00002004
1275	0.00151398
2894	0.00002806
1494	0.000000
3313	0.00004509
2362	0.00012825
3445	0.00018637
2406	0.00003307
2262	0.00002505
1343	0.00009018
1831	0.00000601
2567	0.00004809
1528	0.00006012
257	0.00035670
3601	0.00000701
3278	0.00120136
615	0.00019839
3822	0.00078254
3536	0.000000
3485	0.00018136
2962	0.00012024
3235	0.00076951
1185	0.00028656
2161	0.00001102
2951	0.00084767
2628	0.00037273
399	0.000000
3181	0.00002204
2941	0.00006012
245	0.00019939
2759	0.00044888
2596	0.00134264
1446	0.00013627
1675	0.00025951
354	0.00016232
3517	0.00001102
1927	0.00050800
2986	0.00064126
132	0.00012424
2105	0.00005010
3631	0.00063725
318	0.00001102
2984	0.00009018
2504	0.00047594
762	0.00002104
1412	0.00032664
350	0.00004910
2750	0.00000501
495	0.00038075
408	0.00004008
2225	0.00036271
1549	0.00012925
1093	0.00002405
3253	0.00022344
2581	0.00034167
3474	0.00005811
2902	0.00038576
360	0.00005110
993	0.00001102
2242	0.00063124
309	0.00043485
541	0.00003307
1862	0.00071641
3087	0.00016232
2350	0.00001703
2858	0.00000902
2791	0.00013026
1061	0.00070238
3790	0.00003307
3582	0.00001603
2788	0.00023346
1945	0.00037273
3122	0.00087572
1236	0.00004609
1097	0.00008717
2489	0.00011823
68	0.000000
574	0.00080358
1393	0.00006713
312	0.00060018
1774	0.00108814
536	0.00011322
3095	0.000000
1647	0.00006914
2716	0.00000601
1776	0.00101500
1619	0.00018336
2865	0.00042183
1984	0.00000802
53	0.00014829
1720	0.00005010
2611	0.00033867
488	0.00004809
3327	0.00002806
331	0.00000501
2059	0.00073444
2427	0.00067232
155	0.00047093
3478	0.00009419
3212	0.00004709
2880	0.000000
679	0.00030460
3498	0.00000601
1370	0.00017635
852	0.00034468
1435	0.00004709
2219	0.00002906
694	0.00041381
2543	0.00001703
2647	0.00066531
3198	0.00004709
2565	0.00000200
550	0.00002305
3648	0.00080859
2248	0.00019839
3137	0.00010521
252	0.00003307
2591	0.00007615
1540	0.00004509
3027	0.00000301
1373	0.00030961
930	0.00004308
2769	0.00007214
2329	0.00003707
791	0.00019939
1951	0.00019037
1442	0.00007214
2167	0.00003807
3344	0.00011723
2651	0.00002705
1339	0.00044788
3825	0.00037474
2911	0.00008116
2829	0.00000200
2110	0.00056611
2119	0.00011022
1224	0.00056311
3535	0.00035269
2205	0.00000301
3588	0.00000100
731	0.00005110
3759	0.00004008
3570	0.00000100
3811	0.000000
3071	0.00013126
1045	0.00000100
2815	0.00011222
2699	0.00000100
275	0.00002004
587	0.00034668
1332	0.00006212
3084	0.00134364
2045	0.00022144
3652	0.000000
3797	0.00000100
1386	0.00000200
1898	0.00013326
1890	0.00007515
2867	0.00001303
3104	0.00016132
2077	0.00015531
2726	0.00011823
895	0.00094686
1760	0.00088674
1795	0.00004809
2332	0.00001202
711	0.00002004
494	0.00000100
935	0.00018837
1957	0.00032063
2979	0.00006212
1251	0.00096790
1990	0.00047493
292	0.00000802
435	0.00021943
2169	0.00012925
2250	0.00019839
70	0.00006312
400	0.00018637
294	0.00002906
2054	0.000000
2079	0.00050700
3852	0.00012124
1029	0.00008817
2515	0.00008417
3288	0.00006713
2281	0.00038876
2819	0.00017134
1137	0.00004609
280	0.00223139
2136	0.00003206
3764	0.00000701
2214	0.00007515
3153	0.00001303
949	0.00001703
1520	0.00023346
3532	0.00001303
558	0.00000200
911	0.00029057
1141	0.00026552
629	0.00343475
2604	0.00006513
1822	0.00002004
1368	0.00003307
1407	0.00000100
1783	0.00000501
428	0.00031261
3550	0.00016633
792	0.00004509
1433	0.00018536
2920	0.00000701
373	0.00043485
2000	0.00007014
2623	0.00026853
3651	0.00018536
1751	0.00004609
511	0.00000701
2135	0.00045089
878	0.00136969
2929	0.00018336
2063	0.00013527
3743	0.00005912
3610	0.00035670
3638	0.00004308
2232	0.00008517
1173	0.00035770
2655	0.00013326
410	0.00057814
1470	0.00029458
3752	0.00104806
620	0.00064427
2260	0.00000200
1326	0.00013426
1140	0.00055910
333	0.00079657
1382	0.00026753
2483	0.00022244
2118	0.00029458
29	0.00010020
1031	0.00005711
3501	0.00025751
2217	0.00064727
2379	0.00054908
1401	0.00000100
2719	0.00012224
593	0.00149794
2381	0.00001403
1303	0.00022945
639	0.00014128
265	0.00012324
2151	0.00000401
681	0.00006312
1242	0.00000200
984	0.00000100
447	0.00000401
3318	0.000000
3227	0.00005010
2062	0.00072042
1750	0.00039077
3412	0.00051902
3062	0.00047694
142	0.00000100
512	0.00012725
2357	0.00017735
2625	0.00014028
1680	0.00027654
206	0.00000100
1636	0.00009519
729	0.00000301
1888	0.00024448
2675	0.00035871
572	0.00002505
2695	0.00001703
1932	0.00031863
1280	0.00005411
3524	0.00003807
1840	0.00010020
3168	0.00026452
2268	0.00072342
2660	0.00004709
1064	0.00006513
726	0.000000
3409	0.00004308
1869	0.00001503
737	0.00020941
2598	0.00055810
2423	0.00088374
2352	0.000000
179	0.00009419
849	0.00107912
3687	0.00000200
1354	0.00040179
2508	0.00016533
1021	0.00001503
1294	0.00056611
2534	0.00018937
2545	0.000000
1091	0.00034267
702	0.00080358
1758	0.00031963
2694	0.00010521
162	0.00004008
596	0.00006613
3826	0.000000
1816	0.00026652
2058	0.00032364
3760	0.00048095
2061	0.000000
3585	0.00003106
3371	0.00002806
1050	0.00008717
3317	0.00003707
3753	0.00003607
1786	0.00054106
3840	0.00037975
603	0.00001303
1205	0.00000401
2505	0.00027153
2809	0.00005210
2731	0.00007114
2347	0.00000701
3502	0.00001202
1561	0.00006914
3369	0.000000
2646	0.00000501
1232	0.000000
2247	0.00034969
2462	0.00017735
3337	0.00009920
3457	0.00014428
523	0.00039177
2897	0.00000100
1564	0.00012825
3293	0.000000
3468	0.00002004
2470	0.000000
3689	0.00046291
2195	0.00002806
2041	0.00002004
3619	0.000000
522	0.00050599
3653	0.00036472
2807	0.00079055
2971	0.00024648
3043	0.00015631
1801	0.00002004
586	0.00004910
1915	0.00004709
3420	0.00054307
3487	0.00038175
471	0.00011322
769	0.00000200
1415	0.00006613
2539	0.00021342
1316	0.00003206
573	0.00006613
2336	0.000000
779	0.00004308
1215	0.00020140
212	0.00002204
2888	0.00007916
2597	0.00005310
1160	0.00000501
1734	0.00007715
809	0.00052303
3110	0.00023045
1362	0.00006212
719	0.00002505
837	0.00006914
3034	0.00004809
2448	0.00072142
2621	0.00010821
11	0.00000301
1495	0.00026853
2084	0.00126148
3749	0.00092983
2308	0.00022745
3264	0.00000200
3824	0.00003006
3387	0.00005010
3093	0.00167229
1449	0.00000301
2583	0.00000100
3504	0.00012725
3177	0.00010420
3089	0.00047594
543	0.00001603
3473	0.00005310
2530	0.00001303
509	0.00002806
3684	0.00061721
2629	0.00023646
3012	0.00008918
3124	0.00001804
751	0.00011523
3823	0.00145386
2402	0.00046391
972	0.00011222
3030	0.00109315
1952	0.00005010
1817	0.00005611
1086	0.000000
657	0.00003206
924	0.00023847
1010	0.00002605
3378	0.00001303
3484	0.00090879
2970	0.00021843
375	0.00090378
2316	0.00062723
3061	0.00015831
2775	0.00027654
2016	0.00018136
2440	0.000000
803	0.00010020
2649	0.00003507
601	0.00002505
40	0.00067332
197	0.00030861
1164	0.00062523
1713	0.00017935
2017	0.00008817
3443	0.00001102
3188	0.00000401
2372	0.00051000
128	0.00021643
2613	0.00003006
1836	0.00034668
2622	0.00002705
1839	0.00010120
3718	0.00006914
2838	0.00012324
1917	0.00000200
1587	0.00010420
3098	0.00019037
338	0.00011923
669	0.00049097
1770	0.00007415
3416	0.00011923
999	0.00080057
3621	0.00057012
873	0.00000200
3636	0.00003707
242	0.00023346
1974	0.00006914
3247	0.00008817
1505	0.00000401
775	0.00034568
316	0.00004308
821	0.00018336
3312	0.00012424
2507	0.00008016
1195	0.00001503
2345	0.00023446
1197	0.00000902
1103	0.00056511
713	0.00020540
75	0.000000
3107	0.00005711
1387	0.00100698
929	0.00000601
2294	0.00020641
2717	0.00009218
93	0.00080458
270	0.00029558
2592	0.00000200
1710	0.00046391
1823	0.00003507
1581	0.00006613
2519	0.00000100
892	0.00079256
397	0.00008517
1337	0.00004108
3661	0.00060920
980	0.00000100
2287	0.000000
2299	0.00113724
3483	0.00062523
3542	0.00005210
1111	0.00004509
2737	0.00006112
125	0.00003607
2804	0.00020240
234	0.00014428
1689	0.00002405
2388	0.00037474
1019	0.00003507
1490	0.000000
940	0.00002505
135	0.00047594
1153	0.00040480
214	0.00006914
1129	0.00007715
3545	0.00047994
2710	0.00001303
525	0.00017935
2721	0.00005511
2152	0.00029859
2411	0.00014729
1705	0.00004609
25	0.00031762
3579	0.00040379
1136	0.00037874
2529	0.00007415
3357	0.00115026
3454	0.00035971
665	0.00022544
1698	0.00000802
3117	0.00015931
2215	0.00112120
1384	0.00012224
1302	0.00237367
1371	0.00000401
609	0.000000
150	0.00001202
828	0.00039077
1711	0.00066431
3680	0.00000301
2969	0.00004308
1533	0.00003807
1323	0.00008116
2415	0.00023646
2412	0.00040079
1131	0.000000
297	0.00004208
2965	0.00000301
3617	0.00000100
893	0.00001603
1973	0.00035069
923	0.00042684
765	0.00000100
3322	0.00038075
1555	0.00046992
1235	0.00010020
2805	0.00002204
1958	0.00006613
3690	0.00009318
3721	0.00034869
3148	0.00015430
527	0.00036071
1264	0.00074547
3444	0.00049397
85	0.00031261
344	0.00097391
2024	0.00000902
1986	0.00024749
353	0.00000100
1046	0.000000
2479	0.00046391
2784	0.00014428
1967	0.00013126
3368	0.00093784
2690	0.00006212
3469	0.00133663
3099	0.00001002
1857	0.00000802
733	0.00008817
2563	0.00018937
2144	0.00098193
3740	0.00022645
1664	0.00026652
2223	0.000000
2692	0.000000
566	0.00019338
3382	0.00028556
104	0.00005912
3676	0.00005711
2579	0.00024648
3284	0.00014529
1123	0.00040379
2353	0.00053505
637	0.00098393
255	0.00033867
1741	0.00000100
267	0.00091580
1763	0.00016933
66	0.00010521
553	0.00011923
3810	0.00015230
3398	0.00077853
2863	0.00004008
1078	0.00004208
1614	0.00023045
466	0.00003106
2131	0.00016733
2952	0.00006413
1527	0.00001303
2317	0.00025751
417	0.00058515
1312	0.00038676
296	0.00074346
1391	0.00088574
339	0.00000200
3793	0.00044187
1403	0.00017635
3101	0.00027354
1013	0.00022544
1652	0.00014929
2237	0.00021242
2178	0.00038375
2509	0.00013727
1522	0.00021342
569	0.00084065
378	0.00000802
2266	0.00011723
1666	0.00040780
847	0.00003507
2678	0.00088775
1530	0.00009519
2590	0.00076651
3795	0.00001002
2319	0.00005811
1165	0.00023246
1352	0.00002305
1187	0.00035269
1080	0.00001002
2220	0.00025049
439	0.00001002
84	0.00002305
1616	0.00000802
2974	0.00029859
1144	0.00003106
3003	0.000000
237	0.00008417
2607	0.00018837
1308	0.00005811
2526	0.00017234
2369	0.00002906
415	0.00058916
2612	0.00000802
83	0.00000100
3103	0.00030460
2154	0.00124244
2763	0.00017033
1493	0.00157109
189	0.000000
2134	0.00000802
1553	0.00002104
3609	0.00015030
3716	0.00006713
1469	0.00000902
2488	0.00000301
1660	0.00003507
807	0.00028656
3534	0.00065328
730	0.00039277
3191	0.00014629
467	0.00002104
3167	0.00021242
1266	0.00024147
1716	0.00055008
2713	0.000000
1981	0.00049397
419	0.00105407
320	0.00001002
3031	0.00013627
3070	0.00051201
1355	0.00077352
3048	0.00002305
1216	0.00007415
2881	0.00010621
1765	0.000000
3704	0.00001503
2141	0.00091079
1740	0.00035570
3001	0.00025851
2868	0.00060619
3521	0.00030660
1413	0.00002004
3715	0.00000601
933	0.00016833
2484	0.00017635
1486	0.00001002
1334	0.00056211
2955	0.000000
3488	0.00004709
1793	0.00023446
1109	0.00000601
1665	0.00000501
3156	0.00004509
1579	0.00043085
2191	0.00112922
3405	0.00000301
499	0.00001603
346	0.00011222
3463	0.00023246
3745	0.00093684
2104	0.00000100
1748	0.00021142
2182	0.00006413
454	0.000000
805	0.00013527
1416	0.000000
2157	0.00002806
1643	0.00017434
3589	0.00004910
2218	0.00030660
3470	0.00003507
3256	0.00002806
1192	0.00004409
2203	0.00000301
3386	0.00004208
1317	0.00000701
3267	0.00010721
1949	0.00028556
2047	0.00069737
1607	0.00005411
2323	0.00010020
1349	0.00001102
2221	0.00040580
1612	0.00029157
1691	0.00005110
1731	0.00000501
1432	0.00000200
1824	0.00042985
295	0.00006112
816	0.00028556
420	0.00014428
1586	0.00000501
3522	0.00004409
1221	0.00021943
160	0.00002004
146	0.00004008
1993	0.00007314
801	0.00002004
579	0.00005511
1570	0.00049397
813	0.00047594
2544	0.00001002
2808	0.00026853
2198	0.00001904
2229	0.00024147
2478	0.00003707
3260	0.00014729
2368	0.00007114
1220	0.00022444
2667	0.00032865
3755	0.00003807
3338	0.00021041
798	0.00004008
1146	0.00038275
2631	0.00050499
1745	0.00160215
1545	0.00004108
1272	0.00006613
109	0.00006914
1318	0.00028055
6	0.00023947
2711	0.00005811
1367	0.00021843
1742	0.00001202
2901	0.00008617
2771	0.00017134
1063	0.00057413
2031	0.00075248
3590	0.00096890
2193	0.00000601
743	0.00021542
422	0.00001002
1127	0.00014128
2560	0.00015230
3773	0.00032464
848	0.00047694
562	0.000000
3628	0.00005811
2918	0.00018336
1260	0.00050098
1516	0.00000100
1333	0.00047994
2270	0.00016132
1762	0.00000100
3548	0.00075248
834	0.00001703
2796	0.00005411
2976	0.00008717
3802	0.00046692
3703	0.00016432
2720	0.00003006
1563	0.00009920
1254	0.00014529
622	0.00014028
173	0.00057112
3482	0.00007314
1891	0.00015330
395	0.00021142
41	0.00003307
2233	0.000000
2738	0.00076651
263	0.00010721
1074	0.00014228
822	0.00007715
2069	0.00041682
2430	0.00000401
2968	0.000000
430	0.00011422
361	0.00008116
1484	0.00003807
2723	0.00018236
1496	0.00001703
2956	0.00001503
3174	0.00059517
3727	0.00004008
2258	0.00011823
3566	0.00032564
1788	0.00014829
2439	0.00021743
1752	0.00000200
3540	0.00027855
3678	0.00001102
1423	0.00218530
2143	0.00003908
2798	0.00003407
701	0.00037574
2584	0.00068334
811	0.00001002
1306	0.00062924
152	0.00007214
5	0.00088975
3616	0.00001303
1172	0.00001102
910	0.000000
2859	0.00005411
2966	0.00000100
1027	0.00137971
2160	0.00022845
1976	0.00001002
2409	0.00016833
1683	0.00032464
2048	0.00033065
1202	0.00001703
780	0.00010921
3135	0.00140276
3426	0.00171938
348	0.00000601
1177	0.00031762
619	0.00030861
1189	0.00002104
1641	0.00051501
3333	0.00000100
3471	0.00068034
1258	0.00004008
1525	0.00023346
2165	0.00007715
3618	0.00044588
1203	0.00012925
1378	0.00136468
2164	0.000000
1073	0.00065829
3128	0.00016833
3196	0.00001804
1717	0.00023546
1736	0.00081260
1968	0.00000501
1152	0.00095588
3511	0.00049297
2697	0.00016032
1118	0.00138472
269	0.00032965
2043	0.00005010
2377	0.00267726
1238	0.00001303
3158	0.00000301
2524	0.00013627
271	0.00000100
979	0.00055609
2518	0.00018536
1180	0.00003206
3171	0.00007916
1167	0.00012825
2693	0.00021943
1508	0.00004409
472	0.00026953
2679	0.00007114
2020	0.00046992
1419	0.00043385
2814	0.00000301
3853	0.00048095
3201	0.00001403
2124	0.00037574
3455	0.00010220
1062	0.00054307
1501	0.00022144
1184	0.00099896
369	0.00046191
1803	0.00019438
872	0.00038375
2464	0.00014128
971	0.00005110
2741	0.00002605
101	0.00030460
2718	0.00004910
2521	0.00030159
2005	0.00111219
2116	0.00000401
1453	0.00028155
3015	0.00000902
2633	0.00124244
515	0.00000802
812	0.00004709
2226	0.00082162
790	0.00001102
2926	0.00014829
785	0.00033466
194	0.00008316
76	0.00037373
2472	0.00001503
771	0.00170034
277	0.00000100
31	0.00030259
1673	0.00008216
15	0.00003407
3292	0.00009819
1075	0.00071741
3229	0.00009218
2490	0.00000902
799	0.00003206
3758	0.00007014
228	0.000000
2246	0.00047594
448	0.00000401
618	0.00066130
261	0.00014729
238	0.00014128
2912	0.00000902
374	0.00004008
1961	0.00007214
3035	0.00038576
3269	0.00018336
1200	0.00022845
2414	0.00004108
1201	0.00062723
2424	0.00041582
2081	0.00022043
687	0.00012324
2064	0.00008116
2818	0.00000200
3612	0.00001303
1012	0.00008116
748	0.00003307
121	0.00000100
2895	0.00001303
2831	0.00030660
171	0.00001403
3694	0.00000301
3578	0.00119535
3462	0.00000501
2066	0.00000301
874	0.00006513
2756	0.00010521
450	0.00015531
2745	0.00000501
349	0.00023947
2652	0.00010020
1455	0.00001202
367	0.00002906
201	0.00009619
3359	0.00000200
1638	0.000000
1350	0.00002104
3272	0.00008617
1880	0.00018737
254	0.00003307
2413	0.00006212
111	0.00016833
564	0.00000501
900	0.00003607
583	0.00038375
2747	0.00008216
2454	0.00036071
677	0.00005611
2609	0.00030059
3380	0.00199893
2293	0.00021743
2112	0.00030760
3829	0.00000100
826	0.00000200
2754	0.00042884
2324	0.00021342
465	0.00001503
2447	0.00054207
2733	0.00000100
2533	0.000000
860	0.00102301
808	0.00004108
2297	0.00082262
2497	0.00019639
2506	0.00006813
3604	0.00011022
1425	0.00001102
738	0.00086370
2626	0.000000
858	0.00055910
2001	0.00099796
3644	0.000000
1480	0.00009819
1676	0.00000401
1438	0.00003307
1747	0.00014128
3817	0.00006513
3393	0.00072543
473	0.00004910
2252	0.000000
760	0.00003507
340	0.00026452
1919	0.00058415
372	0.00041983
3197	0.00063525
3783	0.00002204
1766	0.00014228
764	0.00012925
136	0.00001804
722	0.00098494
1289	0.00012124
1755	0.00056411
717	0.000000
3113	0.00006413
819	0.00007114
2120	0.00010020
3641	0.00017534
2562	0.00023847
445	0.00003807
2155	0.00004910
3792	0.00025350
2811	0.00019939
2668	0.00054607
600	0.00026452
2254	0.00011322
2556	0.00024248
2476	0.00010521
1011	0.00001804
1835	0.00042283
1832	0.00016032
1034	0.00041882
890	0.00001303
3567	0.000000
1379	0.00004308
2097	0.00021342
1278	0.000000
2538	0.00016633
170	0.00009920
1098	0.00013927
1591	0.00075749
3788	0.00006312
2070	0.00056010
2825	0.00053004
894	0.00114525
877	0.00005411
841	0.00001202
233	0.00029658
1356	0.00000100
3713	0.00000401
42	0.00006312
1861	0.00101299
3039	0.00076250
1577	0.00042083
1274	0.00000100
2540	0.00009419
1059	0.00041482
1979	0.00012124
3102	0.00016833
3193	0.00024648
2712	0.00222738
1176	0.00005611
800	0.00142180
2577	0.00012124
682	0.00007214
1174	0.00017334
627	0.00000301
700	0.00092782
3557	0.00003908
1886	0.00015731
1322	0.00000802
287	0.000000
208	0.00003206
3173	0.00014629
2760	0.000000
612	0.00008116
1833	0.00009920
2364	0.00123944
2209	0.00029258
328	0.00016933
1519	0.00000501
1102	0.000000
1526	0.00002405
2342	0.00008116
897	0.00000301
181	0.00068134
1790	0.00048596
3321	0.00000100
1585	0.00002605
3708	0.00005411
2407	0.00007916
2039	0.00008216
1695	0.00003307
1436	0.00026953
2450	0.00007815
2015	0.00009920
1787	0.00011122
2871	0.00000100
2637	0.00028957
547	0.00025751
325	0.00001403
2303	0.00006713
37	0.00001703
1032	0.00001102
3355	0.00003206
761	0.00004709
1406	0.00000100
978	0.00000100
3701	0.000000
1972	0.00070438
1006	0.000000
2998	0.00000200
1281	0.00000701
678	0.00002806
2376	0.00025951
251	0.00068334
1217	0.00007415
3026	0.00043385
1016	0.00035069
2573	0.00002906
2800	0.00013827
838	0.00000601
2801	0.00092682
3787	0.00023045
1753	0.00002705
3185	0.00010120
1108	0.00045489
3152	0.00003206
2702	0.00093985
2988	0.000000
1960	0.00002605
327	0.00016332
1338	0.00005411
3040	0.00000100
926	0.00105207
1859	0.00070238
2708	0.00025350
492	0.00017534
2404	0.00120737
2689	0.00003607
2	0.00005912
3208	0.00013426
1497	0.00005411
2510	0.00018637
1055	0.00025650
1583	0.00019538
1597	0.00000100
1116	0.00000401
3306	0.00062423
1521	0.00009719
3493	0.00001202
970	0.00006212
1424	0.00008517
1882	0.00054307
2997	0.00022043
2790	0.00100798
1502	0.00024949
2040	0.00018035
1365	0.00061421
3151	0.00028055
3763	0.00040880
608	0.00001703
1514	0.00035871
2935	0.00015531
2313	0.00000301
7	0.00006413
2109	0.00028055
1987	0.00000100
148	0.00019839
2309	0.000000
1048	0.00030059
1161	0.00014028
3072	0.00020641
2162	0.00003908
3304	0.00000701
323	0.00027454
3343	0.00000802
1124	0.00007114
2640	0.00246384
385	0.00009318
2739	0.00005310
1191	0.00000200
1707	0.00003707
1249	0.00003807
2511	0.00182359
2516	0.00022244
2879	0.00003006
1042	0.00037474
3419	0.00013827
661	0.00210213
556	0.00067733
656	0.00025851
1081	0.00003707
2390	0.00000601
554	0.00000401
3747	0.00007214
565	0.00018937
2671	0.00068735
1380	0.00014829
3290	0.00001804
1157	0.00045790
992	0.00003407
2101	0.00002605
856	0.00000401
3206	0.00056511
3106	0.00045590
1934	0.00027755
2431	0.00010521
2937	0.00002405
3561	0.00000902
725	0.00005310
2076	0.00076450
2624	0.00074246
2334	0.00001503
1257	0.00000200
2996	0.00004208
1213	0.00009719
285	0.00027554
478	0.00043786
2337	0.00012124
54	0.00038977
3000	0.00009218
3379	0.00002104
3669	0.00004809
3830	0.00017935
3685	0.00006813
663	0.00085368
3392	0.00000200
535	0.00094486
2650	0.00007916
740	0.00001703
108	0.00000501
236	0.00033566
298	0.00000601
986	0.00068735
1877	0.00003006
240	0.00005310
2582	0.00021242
329	0.00036973
3163	0.00017735
3271	0.00000200
2126	0.00019037
180	0.00069336
3067	0.00002405
720	0.00011022
1004	0.00143682
302	0.00004910
723	0.00010420
2899	0.00003707
12	0.00031161
347	0.00002806
1499	0.00000501
324	0.00005110
959	0.00024147
2231	0.000000
2391	0.00003106
127	0.00009118
303	0.00000100
2315	0.00131559
1946	0.00021442
2727	0.00012725
1439	0.00018035
3192	0.00016833
1658	0.00079256
2185	0.00013527
43	0.00013326
443	0.00002305
3624	0.00016733
2170	0.00037273
123	0.00051702
3467	0.00013026
606	0.00088674
2512	0.00021643
3606	0.00015631
1657	0.000000
1364	0.00000200
3845	0.00023847
1906	0.00004509
3265	0.00053505
2300	0.00035370
224	0.00008216
1003	0.00001904
591	0.00005811
2890	0.00002605
1800	0.00006613
1724	0.00000100
3475	0.00013527
670	0.00001403
3215	0.00029759
1778	0.00011222
497	0.00002505
1000	0.00011222
3211	0.00005210
1099	0.00010220
1701	0.00074146
1458	0.00062924
1914	0.00000100
2175	0.00007815
1396	0.00020240
1827	0.00014929
2532	0.00036271
51	0.00016833
2852	0.00002405
2385	0.00073745
2394	0.00010120
3112	0.00029558
3677	0.00003206
3238	0.00008417
1094	0.00002004
905	0.00001804
953	0.00001804
2687	0.00008817
1190	0.00000902
1277	0.00006312
1899	0.00137570
3697	0.00173341
272	0.00001002
3531	0.00009118
99	0.00001002
2007	0.00009118
588	0.00030259
3308	0.00173140
26	0.00007415
3194	0.00034368
578	0.00006914
537	0.00000100
3225	0.00020641
1843	0.00005411
2028	0.00020540
2355	0.00056311
1241	0.00016633
2850	0.00003006
2743	0.00075248
2734	0.00005110
3239	0.00023747
3768	0.00004509
2474	0.00016733
2475	0.00002906
2099	0.00009819
2204	0.000000
1511	0.00015330
944	0.00014428
643	0.00112822
1544	0.00029959
2453	0.00021643
684	0.00011923
1659	0.00018937
2417	0.00030159
716	0.00032564
2627	0.00092983
59	0.00022144
1020	0.00025250
3433	0.00012525
2683	0.00005411
707	0.00109916
3133	0.00008717
1286	0.00001303
389	0.00004108
3080	0.00012825
2052	0.00004910
1594	0.00014128
2075	0.00054908
1154	0.00000701
3362	0.00109115
2050	0.00047794
479	0.00017935
774	0.00014428
3538	0.00047794
1234	0.00087071
2665	0.00071340
770	0.00001503
2361	0.00001303
3849	0.00022544
869	0.00016032
3643	0.00001503
248	0.00000401
154	0.00001904
1014	0.00002605
1871	0.00000902
3858	0.00001102
1858	0.00000802
734	0.00019138
3096	0.00004208
3634	0.00008216
1992	0.00001102
432	0.00017434
2502	0.00099195
2494	0.00020340
3079	0.00000501
1450	0.00010120
644	0.00016432
2550	0.00002605
3374	0.00000802
1955	0.00004008
3729	0.00023146
1122	0.00003206
508	0.00004208
2772	0.00042183
370	0.00001002
2705	0.00103704
141	0.00004308
2765	0.00023546
1448	0.00013226
1198	0.00008316
3195	0.00065930
1703	0.00018236
3781	0.00025951
613	0.00005210
482	0.00024248
3451	0.00000701
1434	0.00006312
880	0.00012725
3347	0.00033766
1353	0.00000100
776	0.00008517
1635	0.00002405
1515	0.00086270
3395	0.00010120
802	0.00000802
3242	0.000000
638	0.00008216
3803	0.00005611
843	0.00000100
2426	0.00000200
2487	0.00002906
3023	0.00003707
1870	0.00000100
3186	0.00004809
3249	0.00001603
3438	0.00007014
977	0.00000601
3078	0.00003307
163	0.00004709
158	0.00006813
3160	0.00106810
193	0.00112020
227	0.00001303
3565	0.00037975
1524	0.00030560
365	0.00002305
3844	0.00010420
2653	0.00004910
886	0.00111820
3537	0.00002505
3114	0.00012625
1049	0.00004709
2451	0.00008016
931	0.00018937
529	0.00104706
1375	0.00013927
117	0.00001503
3859	0.00000100
1211	0.00000100
968	0.00018737
1855	0.00000401
1283	0.000000
2900	0.00027053
919	0.00000200
2289	0.00010821
2147	0.00003807
2122	0.00111820
2701	0.00045590
1468	0.00099195
844	0.00002004
3637	0.00009218
2898	0.00002705
758	0.00011422
1223	0.00000100
505	0.00051301
3509	0.00027354
2449	0.00004509
414	0.000000
2129	0.00015430
1270	0.00012324
1429	0.00031061
3646	0.00000902
2546	0.00070839
1459	0.00299589
1084	0.00002605
3804	0.00027955
759	0.00002906
2351	0.00019939
3839	0.00000501
1875	0.00011222
2241	0.00083664
1681	0.00036372
168	0.00019839
3159	0.00000401
997	0.00004809
1670	0.00013527
2978	0.00026552
3118	0.00038275
2847	0.00009419
1041	0.00028556
2018	0.00113924
1920	0.00010220
3453	0.00039778
954	0.00003006
1560	0.00001703
258	0.00017835
1599	0.00007916
2305	0.00024147
3447	0.00074647
2933	0.00258308
69	0.00017534
3424	0.00037273
2873	0.00008817
2363	0.00005010
503	0.00008316
1642	0.00007214
1171	0.00000802
1134	0.00001202
1068	0.00000401
1036	0.000000
672	0.00136969
211	0.00025250
184	0.00003206
3319	0.00010320
1372	0.00036271
2321	0.00208109
1	0.000000
1026	0.00020140
2963	0.00023146
2812	0.00006112
2055	0.00000200
2458	0.00005811
781	0.00023246
2994	0.00056812
97	0.00004308
3032	0.00012024
1028	0.00007415
2257	0.00005010
2676	0.00024047
2373	0.00031261
1058	0.00075649
2330	0.00002906
1737	0.00003607
1735	0.00012625
2235	0.00025049
542	0.00042784
2618	0.00014328
3450	0.00013126
2435	0.00029759
3850	0.00022244
3593	0.00104505
3477	0.00002806
920	0.00010120
2196	0.00004509
3069	0.00014328
283	0.00055509
1697	0.000000
3786	0.00000401
576	0.00021943
1394	0.00027254
1940	0.00017033
2855	0.00039277
577	0.00003908
262	0.00044588
3323	0.00012625
1690	0.00003507
1329	0.00006112
2940	0.00021743
157	0.00019238
1852	0.00056110
2301	0.00006012
3657	0.00053605
1047	0.00000200
3365	0.00020039
1228	0.00038075
3350	0.00038275
3132	0.00045389
2740	0.00007415
899	0.00003006
2302	0.00001904
2620	0.00000902
3375	0.00010721
496	0.00000401
48	0.00017234
551	0.00002806
250	0.00003006
2681	0.00012224
3280	0.000000
1389	0.00006513
3381	0.00011623
1007	0.00000100
517	0.00056611
941	0.00023747
846	0.00000200
882	0.00002906
1928	0.00059216
3724	0.00015631
2917	0.00048295
2004	0.00036872
1969	0.00032564
961	0.00010821
754	0.00002305
334	0.00002806
3647	0.00005511
2234	0.00016232
3553	0.00059216
1810	0.00017434
3765	0.00019839
3683	0.00000200
1385	0.00040981
2832	0.00173441
3180	0.00010020
1807	0.00040179
533	0.00035770
699	0.00044287
3737	0.00024849
3216	0.00002505
2724	0.00000200
2735	0.00017635
2194	0.00004008
130	0.000000
715	0.00254300
1804	0.00009118
3761	0.00023246
49	0.00039578
666	0.00074547
1142	0.00009318
3100	0.00038876
2896	0.00000601
2659	0.00028155
3513	0.00008717
2600	0.00142380
3339	0.00000601
649	0.00000200
3309	0.00005310
1601	0.00003307
633	0.00107411
3356	0.00027454
1825	0.00058315
3060	0.00020039
342	0.00013026
991	0.00000100
3383	0.00006212
3331	0.00000401
2821	0.00053405
2685	0.00009318
3775	0.00063926
1096	0.00003507
957	0.00005010
2434	0.00035269
366	0.00127150
1625	0.00020140
3559	0.00006613
3302	0.00002605
3082	0.00000601
1038	0.00000100
1025	0.000000
868	0.00004709
1255	0.00038576
2999	0.00015130
1693	0.00021542
90	0.00020841
120	0.000000
3779	0.00070038
2799	0.00000401
1330	0.00000301
452	0.00030059
1120	0.00030660
1546	0.00020641
1071	0.00029157
1536	0.00024548
306	0.00022244
249	0.00010721
1872	0.00067332
4	0.00002004
1305	0.00003707
1672	0.00020941
2987	0.00012525
640	0.00036171
2789	0.00030360
3094	0.00000200
1002	0.00019939
207	0.00086570
358	0.00043185
703	0.00192779
3376	0.00037975
1052	0.00035570
3664	0.00001202
304	0.00042183
1112	0.00011322
2498	0.00039979
145	0.00003206
611	0.00009118
1087	0.00002605
3316	0.00077853
2755	0.00005210
3418	0.00014228
1114	0.00034368
3016	0.000000
1649	0.00009419
77	0.00045990
1943	0.00046191
2840	0.00036572
2645	0.00000200
1815	0.00017033
2238	0.00022645
1295	0.00000701
2080	0.00009619
937	0.00044588
3816	0.00004809
1248	0.00039478
1208	0.00004308
2371	0.00000200
1485	0.00061421
3766	0.00023947
431	0.00013927
2779	0.00083264
1728	0.000000
387	0.00000902
1090	0.00014729
3658	0.00002605
491	0.00032063
3041	0.00036772
1324	0.00111519
1466	0.00001703
3441	0.00103604
3354	0.000000
958	0.00288868
3597	0.00075148
426	0.00086270
1547	0.00039277
2517	0.00004409
621	0.00002806
3614	0.00000501
2658	0.00006713
1925	0.00004308
1230	0.00044387
2514	0.00000301
2686	0.00070539
3209	0.00004208
3055	0.00003707
3047	0.00132861
1761	0.00180355
17	0.00086370
2282	0.00092482
3042	0.00027654
73	0.00070639
2014	0.00025149
1437	0.00005210
1539	0.00122441
617	0.00014629
1143	0.00007014
2980	0.00057914
1402	0.00049998
2393	0.00010621
2905	0.00000501
3022	0.00017935
1513	0.00075749
1163	0.00000401
1620	0.00009719
651	0.00043686
1965	0.00008517
1887	0.00000200
3006	0.00044888
3145	0.00004409
498	0.00073044
3408	0.00020641
22	0.00000701
3305	0.00004208
305	0.00014929
907	0.00000100
3411	0.00000100
642	0.00045189
3421	0.00003006
2166	0.00027855
220	0.000000
1476	0.00011623
1043	0.00026753
3263	0.00083965
1937	0.00154905
2259	0.00002104
1841	0.00009318
2457	0.000000
2111	0.00004809
2844	0.00000701
724	0.00001202
1848	0.00002004
3496	0.00021242
2927	0.00000200
906	0.00055509
989	0.00015631
151	0.00001002
902	0.00017033
1276	0.00047894
3164	0.00011623
1426	0.00030259
1313	0.00004409
1066	0.00002405
1487	0.00012725
1504	0.00014128
1702	0.00002705
1159	0.00006413
3639	0.00094185
2616	0.000000
2588	0.00017134
2146	0.00003707
1009	0.00029558
592	0.00003206
115	0.00021943
3635	0.00038776
2728	0.00004910
1310	0.00002705
2793	0.00131759
199	0.00048796
2551	0.00091380
3544	0.00005210
3076	0.00020841
2113	0.00011422
377	0.00000100
391	0.00036572
602	0.00001002
2156	0.00028055
3554	0.00012124
3246	0.00000200
2672	0.00002104
2578	0.00000200
3500	0.00020941
625	0.00006212
1759	0.00023847
2839	0.00017835
1918	0.00133362
404	0.00011823
3525	0.00041381
1722	0.00000100
3244	0.00008517
804	0.00009619
3472	0.00030059
2916	0.00199993
2306	0.00251795
1461	0.00012825
143	0.00078755
714	0.00004609
47	0.00005711
3728	0.00099796
3576	0.00145386
1924	0.00008918
1008	0.00050199
1806	0.00000401
3427	0.00103303
3622	0.00036271
2568	0.00007916
368	0.000000
1847	0.00073044
2663	0.00025951
2908	0.00006813
1842	0.00030560
2051	0.00004008
221	0.00010320
2189	0.00131258
2030	0.00002505
2715	0.00001804
1929	0.00021743
3494	0.00000100
3772	0.000000
3230	0.000000
1603	0.00000802
2617	0.00048395
2860	0.00000601
530	0.00056511
3744	0.000000
1054	0.00050199
2827	0.00035871
219	0.00010120
1408	0.00006413
1980	0.00006513
2528	0.00088574
3394	0.00002705
2614	0.00125346
2356	0.00085468
896	0.000000
2230	0.00041081
1336	0.00030460
3406	0.00001202
2333	0.00012424
166	0.00020440
2813	0.00021643
1688	0.00002305
86	0.00047493
3855	0.00000100
311	0.00001202
1909	0.00034468
2606	0.00006112
1250	0.00092883
756	0.00107612
867	0.00002605
2115	0.00004308
2817	0.00001202
3385	0.00004809
159	0.00008817
2537	0.00025250
854	0.00017935
1851	0.00049898
866	0.00010420
91	0.00000301
3523	0.000000
3710	0.00016733
581	0.00049898
1150	0.00053104
2921	0.00015731
2753	0.00019037
3025	0.00028656
2243	0.00033967
1325	0.00000100
3367	0.00000802
137	0.00227347
513	0.00003807
3073	0.00004409
1212	0.00106309
321	0.00026552
2121	0.00035169
3422	0.00004308
1125	0.00014529
548	0.00057313
3349	0.00024047
413	0.00087372
3377	0.00002004
2072	0.00005110
2907	0.00000301
126	0.00088374
1656	0.00034067
571	0.00055409
2570	0.00002204
1834	0.00035570
2535	0.00000100
2277	0.00000501
3004	0.00005611
3045	0.00007114
1777	0.00046191
2375	0.00003607
735	0.00000100
932	0.00002806
3182	0.00013026
2405	0.00036772
2973	0.00001804
2067	0.00066831
2802	0.00008316
2770	0.00048395
1279	0.00016533
2009	0.00039177
2749	0.00043886
2924	0.00000200
514	0.00003106
2201	0.00007014
3435	0.000000
2307	0.00006413
3388	0.00044387
2127	0.00126348
1962	0.00029258
403	0.00001002
1342	0.00030560
20	0.00039578
3044	0.00003407
3774	0.00047594
1764	0.00000601
875	0.00037173
2339	0.00005611
526	0.00002305
850	0.00005411
3207	0.00003908
544	0.00000401
736	0.00105908
2977	0.00000200
2010	0.00000200
1576	0.00008116
2068	0.00017735
1667	0.00014729
546	0.00009118
3066	0.00002806
518	0.00016533
3670	0.00135466
2029	0.00056611
1775	0.00027354
1966	0.000000
2889	0.000000
2171	0.00002806
3442	0.00001904
1348	0.00007715
830	0.00004509
1218	0.00013627
645	0.00000200
2632	0.00005711
1509	0.000000
1035	0.00003307
1298	0.00000301
1178	0.00009018
829	0.00000802
1381	0.00026652
567	0.00047193
3686	0.00005912
1246	0.00005210
3833	0.000000
2792	0.00006613
787	0.00070138
560	0.00011222
777	0.00016533
950	0.00072042
1207	0.00143682
322	0.00062523
3571	0.00000100
658	0.00011823
768	0.00009619
2445	0.00015330
416	0.00093183
1067	0.000000
2615	0.00003407
1431	0.00026753
840	0.00002204
1866	0.00021843
3835	0.00007014
2688	0.00039878
3049	0.000000
2261	0.00012825
2704	0.00007715
3029	0.00001102
3402	0.00002004
3598	0.00025650
3828	0.00018737
2102	0.00020039
1462	0.00001403
1844	0.00000200
904	0.00000200
1421	0.00040580
1162	0.00035871
1145	0.00001703
3480	0.00000100
3054	0.00000100
1479	0.00099095
797	0.00013527
2006	0.00075148
3222	0.00016032
1838	0.00000100
3250	0.00000200
2696	0.00054207
3300	0.00000501
3543	0.00009719
3259	0.00002104
3315	0.00017635
624	0.000000
13	0.00003507
200	0.00040179
1451	0.00015230
3584	0.00077452
1117	0.00026853
647	0.00022043
689	0.00010621
671	0.00090979
1704	0.00003206
955	0.00000802
3569	0.00011422
50	0.00116028
118	0.00007615
2782	0.00001904
34	0.00047493
398	0.00003607
504	0.00120938
1033	0.00003908
457	0.00047894
1808	0.00011322
3843	0.00067032
793	0.00057814
2358	0.00077753
3613	0.00005010
3261	0.00010521
1475	0.00019939
3629	0.000000
1977	0.00001703
1359	0.00005811
3452	0.00039478
916	0.00016032
1669	0.00034568
3714	0.00020741
3169	0.00045690
336	0.00000301
131	0.00001804
1609	0.000000
820	0.00071941
3459	0.00016032
164	0.00018837
650	0.00002405
3352	0.00000200
434	0.00068835
2023	0.00033165
81	0.00002004
3358	0.00004409
1186	0.00122441
3056	0.00036372
967	0.00079456
1374	0.00000902
3592	0.00049598
982	0.00012124
1550	0.00010220
1474	0.00002705
483	0.00045990
2975	0.00003507
1811	0.00002705
1623	0.00006413
2003	0.00001202
1229	0.00009318
2836	0.00158812
1554	0.00003807
1273	0.00037373
3801	0.00006713
3791	0.00005511
739	0.00002405
3539	0.00028456
500	0.00002806
451	0.00011022
1779	0.00001403
1725	0.00003908
1956	0.00006914
3157	0.00010220
1488	0.00003407
210	0.00018035
3827	0.00123142
1773	0.00034167
1991	0.00068936
3526	0.00112321
1699	0.00000802
2473	0.00045890
1548	0.000000
3460	0.00052102
2835	0.00055209
3630	0.00011322
2466	0.00011923
589	0.00017735
2564	0.00000301
1896	0.00035169
3268	0.00013527
1247	0.00079055
3334	0.00049798
3627	0.00004709
2773	0.00170635
1100	0.00004609
582	0.00018937
310	0.00015831
1780	0.00001403
3595	0.000000
326	0.00036572
1023	0.00013426
2420	0.00004208
1105	0.00034869
330	0.00001403
524	0.00042283
2273	0.00003106
2288	0.00006212
2133	0.00000401
286	0.00005210
1975	0.00001804
2224	0.00001202
3660	0.00001904
741	0.00004108
709	0.00033867
2187	0.00000802
3461	0.00116429
1051	0.00001002
1600	0.000000
2265	0.00009218
3516	0.00008918
2283	0.000000
1892	0.00006112
1206	0.00014328
1126	0.00000100
3172	0.00029358
3709	0.00000802
3841	0.00038977
1300	0.00000301
1288	0.00009619
3446	0.00099095
2264	0.00006914
3314	0.00006312
1756	0.00007715
2942	0.00001503
2842	0.00080358
519	0.00033867
1227	0.00030460
36	0.00039979
2344	0.00004910
1604	0.00155105
319	0.00008817
532	0.00002505
3599	0.00000100
2463	0.00018937
3581	0.00010721
3456	0.00050299
3640	0.00003908
3439	0.00049798
3838	0.00000501
1430	0.00085668
680	0.00098794
928	0.00016933
2903	0.00005811
3512	0.00000100
259	0.00038375
3237	0.00003707
2298	0.00000100
2013	0.00073144
2761	0.00072342
1797	0.00007214
1292	0.00088775
268	0.00008316
1942	0.00032163
1287	0.00087572
1018	0.00022845
2292	0.00012825
662	0.00006212
1233	0.00005310
698	0.00003607
1427	0.00001002
3391	0.00019037
1535	0.00171838
3434	0.00000301
3307	0.00000501
2444	0.00019438
667	0.00002004
1069	0.00008417
594	0.00000501
3251	0.00034568
2767	0.00023246
3140	0.00026953
264	0.00001102
2861	0.00000200
2046	0.00027755
1083	0.00014729
3020	0.00101199
407	0.00006914
3673	0.00032263
1252	0.00044087
1727	0.00000902
742	0.00002305
3279	0.00047093
381	0.00002104
156	0.00002906
2422	0.00061922
2752	0.00078053
2706	0.00034167
2967	0.00001102
1964	0.00018236
1037	0.00008918
1580	0.000000
3068	0.00026452
605	0.00007715
3190	0.00028456
1567	0.00018536
3611	0.00079957
3287	0.00006813
2280	0.00163121
423	0.00002806
490	0.00000401
782	0.00065128
1443	0.00015330
580	0.00165325
1885	0.00066731
3340	0.00002204
3370	0.00003407
889	0.00032163
1637	0.00048996
839	0.000000
1444	0.00007114
3583	0.00041983
3414	0.00000601
1639	0.00078154
2833	0.00000802
3789	0.00012124
2698	0.00005210
2384	0.00056010
1351	0.00000501
3436	0.00007916
3017	0.00030159
2328	0.00055810
3777	0.00052603
3127	0.00133262
474	0.00000701
3580	0.00012725
3301	0.00000100
2468	0.00118132
3730	0.00002104
1166	0.00006012
915	0.00070138
3626	0.00004809
1644	0.00017935
2820	0.00007214
217	0.00010721
288	0.00004208
2053	0.00045289
2240	0.00024949
2680	0.00007415
2482	0.00005511
1022	0.00069236
2610	0.00001102
462	0.00009619
2495	0.00047193
3681	0.00000401
1959	0.00000601
2553	0.00017835
1629	0.00009419
3129	0.00003407
2314	0.00000100
3738	0.00001503
1104	0.00001703
1179	0.00004409
2729	0.000000
87	0.00026452
2595	0.00016933
3568	0.00089676
1953	0.00002104
632	0.00219832
1115	0.00123543
3175	0.00043185
1358	0.00024448
1395	0.00013627
1944	0.00033366
3372	0.00011923
1648	0.00023646
1860	0.00002505
384	0.00058014
147	0.00003307
1826	0.00003707
2096	0.00053405
129	0.00000401
3782	0.00031762
3767	0.000000
1219	0.00002004
476	0.00005811
2856	0.00060018
3243	0.00002505
2322	0.000000
985	0.00000701
3600	0.00002505
946	0.00000802
969	0.00006212
3490	0.00000200
1593	0.00004208
2057	0.00001503
3286	0.00002806
1582	0.00001202
675	0.00009719
3746	0.000000
1245	0.00023747
2056	0.00076651
3514	0.00031963
1101	0.00100297
3289	0.00005010
3342	0.00008216
3008	0.00000902
3176	0.00048596
190	0.00005210
1309	0.00026352
3399	0.00005511
1301	0.00015831
2862	0.000000
1611	0.00002906
1082	0.00056010
3519	0.00000401
45	0.00021943
2909	0.00041081
3224	0.00002806
3674	0.00027153
1905	0.000000
814	0.00011523
2875	0.00018737
934	0.000000
1331	0.00009920
570	0.00000802
1559	0.00015631
461	0.00005411
1633	0.00015130
2601	0.00017134
1621	0.00017534
1971	0.00000601
1399	0.00001403
1138	0.00008216
1376	0.00031762
2561	0.00021643
1556	0.00055008
3429	0.00022043
1631	0.00017134
2285	0.00014028
2227	0.000000
2269	0.00001403
942	0.00000301
2778	0.00045089
1133	0.00002104
1482	0.000000
3440	0.00001503
1420	0.00000100
1417	0.00000200
2938	0.00028957
3533	0.00039177
2877	0.00000301
1267	0.00008116
2429	0.000000
3736	0.00000200
1296	0.00001603
3699	0.00000100
859	0.00000100
2774	0.00016633
745	0.00000200
1794	0.00015731
1791	0.00007715
2128	0.00061621
122	0.00000100
1347	0.00006613
1970	0.00005110
274	0.00029859
3204	0.00009318
390	0.00034468
2657	0.00024248
3136	0.00006212
3662	0.00016633
2311	0.00024548
1655	0.00166928
831	0.00005110
2722	0.00107311
3547	0.00043485
3642	0.00035470
2145	0.00069437
1398	0.00023346
2172	0.000000
2954	0.00024548
1110	0.000000
3162	0.00009819
485	0.00010020
1767	0.00002806
1931	0.00065529
3615	0.00009118
186	0.000000
2783	0.00005912
1510	0.000000
459	0.00029558
2930	0.00062924
393	0.00000802
3077	0.00005411
630	0.00005811
1542	0.00037474
2392	0.00058415
2343	0.00009318
1696	0.00041682
3563	0.00002705
1388	0.00163020
3266	0.00014128
697	0.00083965
696	0.00010921
2575	0.00005210
744	0.00003106
753	0.00000200
3139	0.00022344
2397	0.00002004
213	0.00005010
1361	0.00000401
2785	0.00002505
3602	0.00010821
63	0.00040379
773	0.00010320
191	0.00003307
1712	0.00021041
107	0.00008216
2932	0.00025350
2032	0.00013527
2806	0.00005210
1244	0.00001603
3384	0.00035570
253	0.00000100
2673	0.00009519
2159	0.00035470
1995	0.000000
607	0.00028957
2989	0.00005411
89	0.00060319
3166	0.00003707
1363	0.00068334
3086	0.00059517
2936	0.00004609
95	0.00013527
2946	0.00002204
24	0.00001703
425	0.00057212
3120	0.00026352
545	0.00065930
2707	0.00012825
964	0.00004008
418	0.00024348
1259	0.00000701
3654	0.00004409
484	0.00009920
133	0.00045389
1867	0.00033065
2636	0.00002104
795	0.00025951
446	0.00050499
2078	0.00051401
2107	0.00077552
1916	0.00019138
317	0.00023146
231	0.00002806
388	0.00001002
3780	0.00016332
477	0.00007114
2456	0.00020039
2992	0.00023847
3179	0.00001503
3346	0.00080358
2459	0.00001303
1578	0.00003707
3051	0.00011723
177	0.00014128
3236	0.00000200
57	0.00007916
1092	0.00000902
2360	0.00000100
1005	0.00077452
2437	0.00000100
2499	0.00065228
1428	0.00009218
1605	0.00000802
1606	0.00011623
1537	0.00003807
3219	0.00003307
1188	0.00011723
2768	0.00063525
3499	0.00000701
352	0.00007214
3058	0.00004709
2425	0.00007615
3549	0.00011723
209	0.00037975
3596	0.00028757
364	0.00001603
2091	0.00003908
3625	0.00000200
19	0.00034167
1518	0.00018236
114	0.00001303
2828	0.00008216
965	0.00025450
3834	0.00014028
3649	0.00042584
1571	0.00104806
2781	0.00006813
2199	0.00000802
3154	0.00042383
2049	0.00082362
3134	0.00016432
96	0.00069637
3848	0.00035470
2810	0.00004509
2436	0.00016232
2496	0.00175445
3052	0.00013727
3273	0.00007014
1846	0.00050800
3776	0.000000
3310	0.000000
1299	0.00265823
1809	0.00002505
2555	0.00062824
2913	0.00004809
1729	0.00003006
836	0.00141478
767	0.00106109
58	0.00021542
203	0.00051601
3081	0.00009419
3510	0.00024248
865	0.000000
355	0.00000100
383	0.00020641
3659	0.00036672
648	0.00000100
636	0.00014929
2378	0.00006413
2455	0.00001303
2605	0.00004008
951	0.00009318
1768	0.00019939
3813	0.00000501
2341	0.00008417
3108	0.00000902
3770	0.00001202
79	0.00000902
56	0.00151398
853	0.00009118
1457	0.00038175
185	0.00064627
2149	0.00001403
616	0.00003307
3854	0.00057313
2071	0.00051902
2554	0.00017835
1677	0.00030660
939	0.00041381
2460	0.00005210
138	0.00016933
1627	0.00005411
1237	0.00067433
230	0.00021342
2593	0.00023546
1517	0.00094987
2211	0.00015631
3558	0.00006713
1694	0.000000
3396	0.00000100
1895	0.00000401
2874	0.00003507
2500	0.00057613
315	0.000000
599	0.00002004
65	0.00004910
810	0.00001303
674	0.00041281
2547	0.00002605
3119	0.00009819
2012	0.00019939
1304	0.00006012
2964	0.00002906
3733	0.00027554
3515	0.00004308
552	0.00000802
2991	0.00012124
1679	0.00014428
2073	0.00023947
1897	0.00008216
2958	0.00008717
1592	0.00047493
1285	0.00014529
1907	0.00013326
3556	0.00001403
1181	0.00001403
3785	0.00027454
598	0.00019538
2757	0.00000200
2286	0.00004208
3353	0.00008717
2599	0.00000100
2853	0.00034668
222	0.00178651
1744	0.00004208
2153	0.00228249
3226	0.00004108
1821	0.00006012
300	0.00147590
718	0.00071240
112	0.00001904
1706	0.00017534
2093	0.00048395
2033	0.00051501
2206	0.00014729
888	0.00202799
308	0.00003507
62	0.00000401
284	0.00032163
3495	0.00001904
2982	0.00003707
1397	0.00004409
559	0.00028456
3707	0.00029458
2864	0.00007815
386	0.00009419
3294	0.00011322
2192	0.00006112
1552	0.00016232
943	0.00032664
2318	0.00031963
3252	0.00014328
178	0.00002405
3270	0.00020140
3605	0.00010621
3303	0.000000
3481	0.00013627
3390	0.00001403
2082	0.00031462
1746	0.00030259
196	0.00011623
2249	0.00004609
2367	0.00135366
376	0.00001804
3706	0.00000501
2557	0.00007715
153	0.00000902
10	0.00022244
1529	0.00000100
3607	0.00002204
683	0.00106810
3147	0.00008918
2092	0.000000
1589	0.00045189
3187	0.00101199
3464	0.00259510
82	0.00008918
947	0.000000
1452	0.00000100
3577	0.00018737
3489	0.00001202
1685	0.00004108
2026	0.00002405
1523	0.00001303
851	0.00002405
2255	0.00006012
1558	0.00002305
766	0.00022745
394	0.000000
2276	0.00065930
1253	0.00006713
278	0.00007114
918	0.00021943
1900	0.00003106
604	0.00005110
198	0.00037373
2117	0.00004108
149	0.00004910
1030	0.000000
1414	0.00000100
1682	0.00008517
2884	0.00002204
2492	0.00027354
1113	0.00002906
1170	0.00007815
1060	0.00000601
842	0.00018637
610	0.00048095
2304	0.00047193
710	0.00023546
2123	0.00035370
832	0.00002004
3407	0.00019538
2882	0.00009719
626	0.00244781
1769	0.00041882
140	0.000000
332	0.00092883
3205	0.00004809
3573	0.00038776
2959	0.00010220
1845	0.00011122
343	0.00086370
3603	0.00007715
2295	0.00071541
2208	0.00006112
1263	0.00152500
1865	0.00013426
2542	0.00016332
3448	0.00002405
481	0.00041782
788	0.00000601
2432	0.00027755
2274	0.00031562
1147	0.00040480
1095	0.00009819
3696	0.00000100
1044	0.00002906
1799	0.00000401
688	0.00004008
3836	0.000000
3719	0.000000
2841	0.00032865
1595	0.00142681
693	0.00010420
3200	0.00014629
2163	0.00015430
2780	0.00000200
116	0.00100297
3217	0.00019438
705	0.00088574
3594	0.00030259
3693	0.00001102
3541	0.00025450
2823	0.000000
3203	0.00012024
3170	0.00042684
2848	0.00025851
2816	0.000000
2410	0.00027454
1065	0.00026753
1566	0.00022444
510	0.00000902
2558	0.00027755
676	0.00010420
3213	0.00126549
2758	0.00033065
2094	0.00017033
2972	0.00038075
1902	0.00002405
2906	0.00178852
2635	0.00064226
634	0.00008216
706	0.00009018
3679	0.00112922
2207	0.00014529
2766	0.00004409
2002	0.00002204
2212	0.00094686
260	0.00000701
962	0.000000
3428	0.00051201
2957	0.00001503
631	0.00013927
1183	0.000000
3329	0.00115828
1500	0.00000802
2948	0.000000
1651	0.00005010
362	0.00017134
2477	0.00019338
2744	0.00000200
1168	0.000000
755	0.00010320
3400	0.00023947
225	0.00043185
139	0.00008918
2188	0.00042083
3143	0.00019438
1503	0.00003507
444	0.00005010
2275	0.00086670
2923	0.00001002
1569	0.00034568
449	0.00004108
712	0.00122240
778	0.00022544
2034	0.00012224
3821	0.00018336
2418	0.00002705
33	0.00013827
3799	0.00007715
534	0.000000
226	0.00029558
1994	0.00001303
3131	0.00131759
976	0.00026252
2236	0.00006312
1988	0.00034869
628	0.00013827
1156	0.00006813
455	0.00000301
1404	0.00012925
1749	0.00021542
871	0.00006713
2961	0.00014128
1199	0.00002004
98	0.00051601
575	0.00098995
3562	0.00016733
1512	0.00026753
2762	0.00094686
2520	0.00001603
2725	0.00015831
2891	0.00012925
1935	0.00029859
2291	0.00002305
161	0.00035670
2098	0.00004208
3575	0.00068835
335	0.00027554
2245	0.00017434
2536	0.00061220
2383	0.00006413
3672	0.00020841
2682	0.00000301
884	0.00004208
1344	0.00041582
3149	0.00021142
507	0.00011723
1390	0.00035370
3059	0.00123142
1148	0.00033165
2661	0.00003908
2491	0.00071741
345	0.000000
464	0.00000100
176	0.00009118
531	0.00002004
2751	0.00020240
1796	0.00001102
187	0.00010020
61	0.00001703
2184	0.00000401
1132	0.00021342
401	0.00083364
3311	0.00062723
3183	0.00000401
1830	0.00012725
2100	0.00000601
2222	0.00001403
1557	0.00009018
1893	0.00003607
2953	0.00006312
995	0.00009519
1686	0.00004509
3726	0.00022144
3808	0.00217528
3116	0.00016633
922	0.00003707
32	0.00008517
1732	0.00001804
2011	0.00000501
2382	0.00021542
3285	0.00036472
2177	0.00007114
3520	0.00010621
2366	0.00034468
1894	0.00070138
1531	0.00045890
1574	0.00000100
3796	0.00025650
3111	0.00020240
3778	0.00012124
2794	0.00005912
1085	0.00006112
2486	0.00000401
1941	0.00018436
3184	0.000000
2401	0.00009018
3199	0.00021643
1771	0.00052203
2290	0.00117932
80	0.00112621
8	0.00000200
502	0.00000100
1214	0.00081059
2990	0.00003707
1001	0.00004709
2525	0.00008417
2359	0.00010521
2251	0.00002405
1743	0.00007114
3130	0.00000200
3257	0.000000
1282	0.00030059
2851	0.00039778
1483	0.00036973
2639	0.00000200
1721	0.00172138
1662	0.00015130
2106	0.00006914
205	0.00076150
994	0.00001002
1805	0.00031762
721	0.00002705
2501	0.00001904
2272	0.00010420
1128	0.00018035
1130	0.00135867
2945	0.00006012
660	0.00006312
2549	0.00013927
3572	0.00015531
3092	0.00026452
664	0.00012725
2174	0.00006513
2142	0.000000
1319	0.00010220
2340	0.00000501
2140	0.00067633
3492	0.00034668
2085	0.00147590
2786	0.00038676
351	0.00024849
2522	0.00003407
996	0.00021041
2086	0.00026953
747	0.00065328
3248	0.00011923
279	0.00153001
1814	0.00002204
1588	0.00002305
1684	0.00005210
475	0.00000200
1456	0.00038576
2892	0.00003006
1622	0.00014529
119	0.00049698
1668	0.00000301
1478	0.00057012
516	0.00000802
1837	0.00002505
421	0.00031462
2931	0.00001002
2513	0.00013126
313	0.00069437
1231	0.00019538
232	0.00083965
3756	0.00072442
223	0.00004709
382	0.00084065
357	0.00005411
78	0.00123142
595	0.00066831
3856	0.00028556
3255	0.00089877
2919	0.00063725
998	0.00016132
3126	0.00000601
1678	0.00003006
806	0.00000200
30	0.00001303
412	0.00005010
458	0.00035069
487	0.00020140
2638	0.00010921
2044	0.00032564
2709	0.00113824
2993	0.00006713
1239	0.00000401
1802	0.00004910
3818	0.00049998
2130	0.00073344
301	0.00026352
1640	0.00000501
3291	0.00059417
1422	0.00014428
1715	0.00000100
3466	0.00003507
1465	0.00002104
3503	0.00009419
3178	0.00000100
563	0.00019238
2662	0.00015731
1290	0.00000200
1269	0.00000701
2400	0.00006613
1873	0.00062924
1754	0.00006513
3351	0.000000
1853	0.00007515
2095	0.00000100
3007	0.00015531
2691	0.000000
783	0.00000701
1327	0.00000301
3075	0.00019338
749	0.00023646
3769	0.00109716
752	0.00056110
2158	0.00022043
2700	0.00000200
1996	0.00047393
182	0.00000200
921	0.00007515
963	0.00115427
2019	0.00080759
460	0.00021041
3857	0.00001904
2398	0.00014829
789	0.00001002
1194	0.00110116
2087	0.00009419
1876	0.00097692
3754	0.00000301
314	0.00003307
861	0.00299689
2944	0.00001703
3115	0.00002806
1077	0.00007314
3234	0.00048195
3223	0.000000
3423	0.00048796
2981	0.00042584
167	0.00020540
827	0.00002204
3837	0.00017434
1922	0.00062924
635	0.00024448
757	0.00030560
3748	0.00008316
3682	0.00000401
3050	0.00002605
28	0.00028857
538	0.00123543
2787	0.00116529
909	0.00007114
1913	0.00022845
1926	0.00143382
3240	0.00000701
3397	0.00007916
35	0.00018937
2574	0.00022344
673	0.00107812
2338	0.00011222
1492	0.00021542
437	0.000000
469	0.00003006
2571	0.00038776
3814	0.00000902
727	0.00022344
3667	0.00076751
1225	0.00022144
1070	0.00000301
3141	0.00019939
1584	0.00035069
3341	0.00002104
1089	0.00028857
975	0.00082763
2168	0.00000501
2408	0.00009619
1575	0.00000100
356	0.00010821
1997	0.00062323
1158	0.00004409
1781	0.00006312
1789	0.00009318
1053	0.00029157
1938	0.00051100
2438	0.00033265
2485	0.00000200
1562	0.00005511
3320	0.00007615
3404	0.00002004
67	0.00012625
1261	0.00001904
244	0.000000
2857	0.00076651
2065	0.00012124
988	0.00017334
247	0.00002906
2349	0.00004308
3711	0.00044888
3663	0.00000802
3088	0.00006413
3262	0.00006012
1718	0.00013727
824	0.00011322
134	0.00040279
2200	0.00012725
1440	0.00258809
2089	0.00002305
2263	0.00028055
1119	0.00081059
2137	0.00005110
1568	0.00008116
2452	0.000000
2674	0.00113122
64	0.00001202
88	0.00016132
3712	0.00001703
3528	0.00064627
1106	0.00064126
1813	0.00009318
1700	0.00000100
2664	0.00032764
2183	0.00077252
2346	0.00022444
2643	0.00084165
3734	0.00026652
1726	0.00025149
215	0.00063124
2748	0.00149394
1169	0.00059116
3	0.00020340
2995	0.00003707
891	0.00015430
1196	0.00000601
1730	0.00012324
3214	0.00015631
105	0.00005511
1617	0.00059016
1608	0.00003707
1911	0.00030159
3807	0.00003006
175	0.00067833
2179	0.000000
124	0.00013527
246	0.00006012
1982	0.00070639
1856	0.00005110
1311	0.00056411
540	0.00024248
470	0.00004809
1785	0.00017935
3410	0.00010821
1377	0.00090678
3486	0.00006713
3666	0.00004008
2327	0.00020340
2764	0.00116028
2904	0.00000701
2870	0.00125647
659	0.00008116
3425	0.00003507
1024	0.00004108
817	0.00002806
2471	0.00027354
3458	0.00047794
2213	0.00029558
3633	0.00018737
1954	0.000000
2239	0.00005811
2548	0.00066531
2619	0.00002004
1473	0.000000
2389	0.00000301
2387	0.00041782
2824	0.000000
429	0.00000200
1983	0.00003206
3336	0.00001904
3632	0.00022645
3741	0.00010521
3415	0.00031261
3161	0.00001303
3720	0.00001603
2594	0.00020140
3258	0.00007114
2656	0.00000401
3476	0.00004409
3046	0.00015130
2433	0.00036973
3806	0.00016432
1819	0.00009118
218	0.00000401
2559	0.00003006
16	0.00001002
692	0.00001403
1792	0.00016032
1868	0.00000100
1829	0.00014428
3024	0.00035370
1460	0.00000200
2885	0.00005611
3431	0.00017234
3732	0.00000200
379	0.00005210
2025	0.00057413
833	0.00000100
3202	0.00005611
3245	0.00035570
3033	0.00047894
1209	0.00004208
46	0.00002004
2326	0.00002004
3656	0.00008417
521	0.00000100
1615	0.00028757
1551	0.00016132
2777	0.00045189
1881	0.00000601
1602	0.00000902
3155	0.00117832
1088	0.000000
750	0.00012825
1464	0.00023947
3091	0.00008617
2037	0.00005310
3013	0.00000401
2589	0.00108914
913	0.00038676
1297	0.00053706
3083	0.00002405
2732	0.000000
898	0.00001703
1947	0.00082663
3038	0.00000100
952	0.00016833
685	0.00004208
2148	0.00006914
652	0.00004308
2279	0.00028256
857	0.00041682
983	0.00078755
763	0.00012224
71	0.00000902
1226	0.00006212
2837	0.00000301
912	0.00021342
3820	0.00008116
1878	0.00001102
3283	0.00023246
169	0.00002004
2648	0.00001804
2186	0.00014428
784	0.00027454
845	0.00013026
2416	0.00014328
2922	0.00006613
2331	0.00024749
3210	0.00013326
3507	0.00007314
2396	0.00002405
3742	0.00000301
3018	0.00006012
2822	0.00045089
192	0.000000
1491	0.00002505
3389	0.00003206
3552	0.00001904
3165	0.00166026
1079	0.00006112
3798	0.00016432
3698	0.000000
489	0.00001102
3005	0.00000701
216	0.00036171
2441	0.00000200
2846	0.00025149
796	0.00056511
456	0.00003807
2925	0.00000200
1015	0.00027153
2022	0.00007615
144	0.00001303
468	0.00169533
1719	0.00004709
2088	0.00013927
2176	0.00000200
202	0.000000
3668	0.00009519
2872	0.00015130
732	0.00026652
2586	0.00001202
9	0.00011623
3655	0.00045089
3403	0.00044387
3725	0.00018536
1884	0.00014128
276	0.00003106
3757	0.00013326
1472	0.00046091
2480	0.00180254
172	0.00002806
704	0.000000
528	0.00068334
2228	0.00013026
463	0.00014328
1471	0.00000701
282	0.00006513
2834	0.00045389
1366	0.00001303
18	0.00000501
2845	0.00045289
3277	0.00037073
2569	0.00015731
2180	0.00003206
14	0.00002906
1863	0.00005110
2481	0.00013627
3815	0.00004108
3591	0.00108413
2893	0.00020641
103	0.00013226
1772	0.00025951
3105	0.00014428
1963	0.00013326
1939	0.00001102
3527	0.00001403
668	0.00032764
1328	0.00035470
2244	0.00002305
2348	0.00000301
1335	0.00003607
2849	0.00000200
3298	0.00000200
2934	0.00000902
584	0.000000
3560	0.00040379
2027	0.00014529
686	0.00000100
1320	0.00001102
2797	0.00035470
3809	0.00003407
380	0.00154203
568	0.00091480
1017	0.00027153
1908	0.00012925
1357	0.00016332
2886	0.000000
2132	0.00067433
3074	0.00091580
1262	0.00013927
405	0.00001603
1912	0.000000
2669	0.00071140
1345	0.00097993
406	0.00024548
424	0.00011422
273	0.00000401
74	0.00019839
1733	0.00008216
3373	0.00030660
2826	0.00006914
1739	0.00001202
3831	0.00125747
1149	0.00063725
876	0.00014128
1534	0.00090979
3437	0.00069837
1883	0.00014829
3125	0.00049197
3700	0.00014629
646	0.00011923
1723	0.00073545
3692	0.00001303
3750	0.00008918
2139	0.00001503
1634	0.00230854
938	0.00000701
981	0.00011122
3019	0.00005711
901	0.00000100
2074	0.00019438
3231	0.00009719
2960	0.00016132
2703	0.00018136
2887	0.00030460
486	0.00016733
914	0.00002806
2036	0.00000501
3065	0.00001703
2173	0.00031662
2566	0.00006312
3671	0.00011623
2446	0.00008717
1849	0.00111419
927	0.00012825
1738	0.00105107
1921	0.00012424
2541	0.00013426
441	0.00002104
945	0.00016332
597	0.00024849
1903	0.00045389
1240	0.00003607
539	0.00080458
1454	0.00002705
3363	0.00001804
3299	0.00112221
1532	0.00006413
2746	0.00009619
396	0.00012625
1507	0.00036772
3723	0.00023847
2060	0.00005310
1056	0.00001703
3123	0.00010420
883	0.00224541
3325	0.00103503
2587	0.00002405
2325	0.00018937
1155	0.00025250
341	0.00090077
3254	0.00001904
1293	0.00052403
1341	0.000000
195	0.00111219
2943	0.00007214
3832	0.00026151
44	0.00004008
1661	0.00020641
102	0.00016132
2395	0.00073444
3274	0.00008316
3345	0.00004809
3819	0.00059918
1481	0.00030460
427	0.00094987
371	0.00003206
1828	0.00014829
1998	0.00064427
392	0.00225443
3735	0.00052503
3332	0.00019438
956	0.00000100
1271	0.00005511
655	0.00066831
2271	0.00013126
2730	0.00026953
1410	0.00058515
1222	0.00002004
2320	0.00042083
3650	0.00006112
2603	0.00062623
1936	0.00081861
2869	0.00036572
3401	0.000000
3326	0.00004308
3232	0.00005711
3705	0.00002906
3417	0.00017935
1405	0.00001804
3090	0.00064126
2296	0.00001603
2465	0.00004208
3328	0.000000
106	0.00000200
1910	0.00145085
1541	0.00010721
2608	0.00081861
653	0.00001703
3281	0.00014929
1985	0.00005511
23	0.00003307
966	0.00009118
1543	0.00016633
3695	0.00001202
2939	0.00066831
1930	0.00020340
887	0.00006813
1933	0.00009018
1812	0.00004709
1506	0.00000301
3784	0.00165525
1307	0.00001303
2278	0.00034368
299	0.00001804
2580	0.00008517
1989	0.00045690
3842	0.00067733
2684	0.000000
2310	0.00265422
204	0.00000200
2523	0.00002705
1182	0.00025149
3021	0.00054507
815	0.00020340
359	0.00001603
1411	0.00039578
501	0.00007715
92	0.00061621
3360	0.00004409
585	0.00101299
863	0.00074246
1360	0.00003507
235	0.00000200
1463	0.00000501
2883	0.00002405
3009	0.00005511
1757	0.00029558
2354	0.00000100
641	0.00068134
3228	0.000000
1904	0.00018035
3150	0.00012925
695	0.00073945
2576	0.00013326
3282	0.00010521
165	0.00061321
1626	0.00004910
2714	0.00145386
2947	0.00008216
2370	0.00052603
3574	0.00004208
2876	0.00061721
2910	0.00005711
3324	0.00000100
1630	0.00007415
3221	0.00014729
2103	0.00010921
3491	0.00001804
3805	0.00010521
3546	0.00044688
409	0.00007916
3800	0.00097191
3586	0.00003106
3296	0.00046491
879	0.00001403
2428	0.00009118
3097	0.00013126
307	0.00021041
493	0.00051201
402	0.00031963
1039	0.00036071
2949	0.00018236
2642	0.00050700
281	0.00006813
654	0.00010320
3508	0.00000701
2202	0.00029558
1314	0.00024448
2312	0.00004108
1650	0.00038676
3037	0.00116529
623	0.00000802
786	0.00026652
1978	0.00022043
1598	0.00008517
870	0.00001102
2866	0.00073444
2531	0.00047293
772	0.00137370
3276	0.00052904
2644	0.00017134
1565	0.00009318
835	0.00037574
1072	0.00003006
2585	0.00014629
3465	0.00006112
987	0.00003106
974	0.00001303
2190	0.000000
1340	0.00000401
60	0.00007715
3620	0.00002004
2552	0.00113022
1901	0.00032163
3146	0.00000100
3218	0.00006613
1383	0.00006914
113	0.00006513
3722	0.00000100
1854	0.00002505
2042	0.00005411
885	0.00002906
908	0.00011322
2210	0.000000
917	0.00044788
794	0.00002605
2114	0.00003307
1646	0.00003307
3449	0.00021542
3665	0.00118733
3330	0.00003807
239	0.00054207
2572	0.00023446
614	0.00003106
3506	0.00000701
864	0.00002405
363	0.00003407
3413	0.00017334
1820	0.00005511
3846	0.00001102
442	0.00002505
1210	0.00229251
3794	0.00027955
27	0.00005110
936	0.00062723
3275	0.00000301
2181	0.00000501
3645	0.00010921
948	0.00017635
290	0.00036472
2253	0.00002405
1445	0.00034668
2666	0.00004910
823	0.00004208
3053	0.00016933
708	0.00002305
3564	0.00018236
1139	0.00002204
2503	0.00002104
3189	0.00026051
818	0.00014629
3144	0.00018837
1663	0.000000
1674	0.00006212
1654	0.00027153
2928	0.00000701
241	0.00232257
3555	0.00088374
3717	0.00007715
266	0.00129955
1784	0.00001603
3691	0.00020039
2335	0.00065829
881	0.00054207
3364	0.00066731
1392	0.00043886
3295	0.00042985
1265	0.00026252
3551	0.00010320
94	0.00032564
2021	0.00000701
2035	0.00007415
990	0.00002705
2803	0.00020741
3751	0.00003507
293	0.00019639
174	0.00019338
1645	0.00000100
1040	0.00000601
1573	0.00000200
1284	0.00172840
1447	0.00024548
2670	0.00020039
2150	0.00060719
549	0.00004008
3036	0.00000701
3771	0.00004208
1321	0.000000
2256	0.00052804
2914	0.000000
3366	0.00013226
1243	0.00019939
453	0.00027254
925	0.00038977
2493	0.00016432
55	0.00026652
3812	0.00011222
1538	0.00017935
39	0.000000
557	0.00003407
1687	0.00017134
1590	0.00018937
3479	0.000000
3361	0.00000100
2267	0.00004308
3297	0.00139174
2443	0.00002705
2795	0.00000301
825	0.00001503
1441	0.00000501
72	0.00012224
2641	0.00003807
2108	0.00044287
1618	0.00000100
2125	0.00016232
1874	0.00005310
855	0.00004509
1057	0.00052002
2467	0.00009719
411	0.00030560
2602	0.00002605
2216	0.00000100
728	0.00082663
1596	0.00000100
2742	0.00021342
2399	0.00023045
3335	0.00100898
746	0.00014128
3851	0.00002405
1782	0.00081260
1879	0.00003106
1151	0.00003006
243	0.00000200
2365	0.00036572
1671	0.00060920
960	0.00010220
3731	0.00082562
3587	0.00003206
2284	0.00000200
1268	0.00008817
3220	0.00019538
3233	0.00030861
1610	0.00036973
2090	0.00016432
555	0.00002004
3497	0.00041882
2442	0.00012024
973	0.00001002
1467	0.00002906
3739	0.00045189
2634	0.00025450
1135	0.00005811
3529	0.00014028
3505	0.00009018
2878	0.00005411
291	0.00004008
3011	0.00251895
1175	0.00016132
1653	0.00003507
1864	0.00037874
3138	0.00022945
1498	0.00019739
2950	0.00021542
1204	0.00021943
1628	0.00003908
2830	0.00000200
1850	0.00099596
1692	0.00075248
1798	0.00004308
3063	0.00043586
690	0.00134765
2380	0.00001303
1256	0.00061321
3121	0.00036672
21	0.00041682
3762	0.00133162
3002	0.00055108
440	0.00054908
3675	0.00001102
2527	0.00003307
1346	0.00040680
1708	0.00001703
1714	0.00000200
52	0.00022144
1291	0.00043886
1950	0.00029859
110	0.00016132
2915	0.00008717
1632	0.00141979
2461	0.00022745
1889	0.00002104
691	0.00007415
229	0.00000200
1572	0.00001002
2038	0.00000200
1315	0.00138472
2421	0.00030360
2854	0.00041081
3109	0.00030159
3702	0.00032865
506	0.00067533
1369	0.00000401
3518	0.00059116
561	0.00000501
3010	0.00000100
3688	0.000000
38	0.00020440
2630	0.00016332
1107	0.00021242
3847	0.00042884
2654	0.00035069
3241	0.00016032
1418	0.00002104
183	0.00011122
2403	0.00135567
3430	0.00035871
1409	0.00056912
188	0.00006212
2197	0.00106209
2419	0.00002305
1948	0.00001202
1624	0.00079356
3057	0.00030460
2983	0.00085167
2008	0.00003206
337	0.00029358
1999	0.00005912
2677	0.00001403
1477	0.000000
3432	0.00016032
480	0.00033967
2776	0.00061621
1400	0.00131559
2469	0.00009719
903	0.00003106
1489	0.00007014
3623	0.00003307
520	0.00000501
289	0.00010220
2083	0.00000100
590	0.00000100
1193	0.00031562
1923	0.00006112
3028	0.00028857
2138	0.00019538
3085	0.00004308
2374	0.00021142
438	0.00027654
